10
300
-0.319838
-0.314013
-0.332402
-0.354445
-0.284604
-0.276708
-0.315878
-0.333969
-0.329921
-0.297727
-0.361408
-0.285443
-0.338021
-0.303867
-0.278924
-0.345155
-0.336459
-0.328974
-0.352939
-0.350593
-0.306520
-0.314352
-0.343171
-0.267453
-0.312663
-0.324359
-0.303399
-0.319123
-0.264991
-0.314572
-0.285198
-0.298064
-0.329842
-0.328106
-0.310266
-0.340035
-0.265436
-0.297556
-0.315111
-0.301508
-0.301660
-0.295770
-0.316624
-0.316914
-0.285811
-0.344865
-0.285859
-0.280396
-0.305248
-0.376124
-0.299226
-0.287247
-0.299765
-0.309512
-0.311325
-0.297723
-0.308065
-0.349758
-0.302838
-0.303141
-0.289023
-0.305376
-0.307716
-0.267703
-0.335984
-0.334607
-0.325792
-0.290779
-0.338144
-0.300145
-0.324161
-0.324269
-0.296824
-0.316706
-0.285555
-0.311626
-0.325082
-0.325476
-0.321287
-0.332891
-0.314433
-0.303926
-0.317856
-0.336995
-0.331510
-0.303266
-0.332798
-0.297616
-0.302903
-0.305539
-0.292751
-0.306710
-0.276726
-0.303806
-0.289352
-0.288268
-0.319899
-0.303808
-0.281065
-0.313738
-0.301130
-0.300815
-0.332844
-0.353941
-0.308206
-0.323116
-0.306413
-0.279962
-0.285023
-0.293634
-0.324238
-0.304811
-0.296362
-0.325387
-0.309549
-0.266999
-0.313409
-0.328519
-0.306471
-0.311728
-0.233998
-0.294013
-0.356797
-0.310991
-0.314864
-0.310161
-0.292340
-0.287001
-0.287342
-0.329761
-0.323917
-0.290070
-0.314848
-0.319403
-0.291607
-0.302379
-0.315232
-0.289871
-0.317661
-0.349698
-0.306118
-0.305802
-0.330809
-0.304497
-0.294789
-0.299611
-0.343472
-0.331106
-0.330376
-0.284903
-0.295037
-0.273176
-0.301541
-0.319190
-0.325913
-0.293593
-0.304397
-0.287783
-0.322898
-0.349618
-0.289554
-0.335552
-0.310210
-0.291929
-0.324523
-0.313518
-0.347122
-0.346679
-0.294764
-0.285304
-0.358265
-0.353140
-0.320390
-0.321541
-0.331685
-0.307914
-0.283468
-0.277074
-0.268636
-0.302430
-0.326667
-0.325699
-0.330323
-0.299388
-0.320262
-0.337096
-0.280768
-0.315198
-0.284869
-0.322499
-0.290113
-0.283166
-0.329413
-0.290551
-0.352161
-0.301746
-0.342845
-0.292413
-0.296633
-0.294347
-0.322552
-0.319770
-0.367973
-0.313954
-0.311635
-0.303437
-0.271582
-0.275431
-0.300881
-0.278869
-0.284699
-0.319705
-0.327390
-0.287371
-0.298507
-0.292107
-0.319401
-0.336483
-0.308698
-0.285687
-0.348075
-0.281073
-0.316262
-0.323725
-0.295986
-0.302730
-0.339352
-0.295525
-0.273328
-0.308174
-0.309932
-0.285166
-0.299399
-0.348155
-0.320130
-0.354744
-0.325768
-0.292390
-0.297402
-0.270899
-0.321398
-0.323368
-0.304459
-0.302948
-0.259399
-0.300085
-0.321961
-0.305286
-0.314472
-0.312373
-0.355491
-0.351592
-0.301649
-0.279729
-0.284791
-0.299873
-0.341308
-0.371039
-0.291341
-0.299627
-0.253311
-0.278054
-0.330505
-0.308142
-0.316278
-0.320702
-0.337507
-0.315381
-0.309857
-0.319613
-0.289183
-0.288522
-0.298995
-0.252725
-0.235986
-0.291215
-0.281612
-0.307788
-0.277089
-0.260859
-0.304510
-0.278518
-0.349971
-0.323278
-0.324775
-0.277378
-0.308578
-0.357354
-0.295825
-0.317916
-0.308168
-0.317446
-0.333304
-0.379507
-0.337472
-0.298449
-0.301210
-0.334564
-0.332772
-0.285371
-0.117881
-0.129372
-0.139670
-0.093425
-0.156755
-0.145790
-0.104073
-0.089704
-0.118748
-0.137227
-0.133144
-0.168482
-0.133983
-0.148161
-0.139578
-0.134632
-0.130303
-0.118529
-0.159046
-0.128250
-0.143151
-0.148044
-0.135391
-0.141789
-0.120617
-0.157469
-0.123801
-0.120957
-0.148929
-0.122386
-0.187412
-0.154419
-0.133726
-0.135535
-0.188480
-0.110198
-0.158855
-0.128050
-0.150990
-0.163509
-0.158182
-0.178857
-0.107716
-0.112134
-0.145007
-0.116609
-0.147974
-0.128813
-0.118659
-0.151339
-0.161065
-0.150182
-0.122982
-0.107530
-0.108739
-0.133103
-0.132983
-0.156499
-0.100918
-0.109176
-0.129338
-0.177134
-0.187091
-0.162907
-0.149398
-0.142199
-0.164092
-0.158025
-0.100299
-0.112170
-0.090588
-0.124424
-0.206524
-0.111463
-0.133392
-0.111057
-0.121077
-0.169614
-0.157890
-0.156615
-0.141300
-0.148055
-0.132593
-0.142216
-0.096634
-0.125470
-0.141307
-0.181093
-0.200303
-0.156885
-0.126770
-0.104610
-0.156993
-0.108308
-0.104346
-0.152461
-0.110715
-0.137579
-0.134901
-0.137062
-0.133926
-0.149281
-0.178348
-0.129063
-0.153894
-0.130912
-0.177357
-0.155074
-0.147312
-0.128078
-0.121601
-0.154074
-0.145229
-0.107732
-0.134119
-0.140041
-0.144030
-0.163244
-0.171015
-0.110676
-0.148197
-0.165805
-0.112587
-0.133668
-0.113171
-0.149203
-0.119034
-0.185027
-0.147154
-0.147254
-0.134140
-0.193013
-0.128395
-0.155381
-0.123721
-0.169363
-0.133425
-0.138087
-0.100448
-0.169572
-0.177310
-0.147190
-0.113427
-0.166537
-0.160887
-0.177059
-0.142753
-0.174676
-0.125088
-0.142058
-0.104635
-0.179900
-0.149518
-0.107538
-0.120250
-0.141839
-0.143464
-0.128529
-0.144894
-0.124242
-0.127087
-0.107454
-0.143327
-0.170908
-0.132180
-0.126122
-0.174644
-0.115633
-0.166482
-0.141039
-0.148080
-0.135622
-0.156678
-0.130854
-0.186027
-0.143726
-0.138035
-0.169766
-0.131989
-0.134651
-0.119406
-0.092458
-0.144656
-0.180142
-0.162936
-0.107178
-0.177894
-0.149137
-0.184268
-0.117345
-0.158459
-0.130092
-0.143736
-0.118524
-0.155037
-0.169568
-0.160160
-0.128796
-0.158322
-0.167648
-0.110406
-0.091697
-0.139320
-0.189315
-0.149897
-0.141964
-0.129138
-0.178736
-0.101783
-0.173263
-0.140302
-0.179636
-0.124539
-0.168711
-0.127033
-0.162050
-0.156874
-0.129236
-0.126284
-0.121284
-0.114074
-0.171930
-0.126458
-0.169224
-0.110897
-0.140021
-0.161144
-0.122132
-0.130441
-0.135788
-0.119764
-0.129291
-0.159136
-0.089735
-0.156147
-0.144116
-0.149557
-0.161986
-0.110163
-0.148054
-0.157364
-0.116814
-0.101269
-0.112588
-0.139601
-0.114734
-0.090779
-0.122040
-0.131615
-0.160913
-0.145012
-0.136748
-0.127713
-0.150918
-0.144267
-0.169804
-0.149614
-0.123342
-0.160108
-0.165258
-0.148583
-0.140562
-0.159100
-0.174217
-0.159273
-0.143667
-0.110532
-0.123416
-0.158674
-0.107317
-0.152098
-0.167137
-0.181491
-0.149330
-0.125590
-0.174579
-0.196063
-0.170120
-0.162128
-0.168821
-0.091668
-0.143882
-0.109131
-0.136248
-0.134311
-0.149939
-0.165143
-0.096228
-0.157078
-0.128840
-0.171952
-0.081672
-0.184798
-0.090104
-0.139468
-0.145993
-0.187116
-0.122262
-0.127001
-0.144904
-0.316999
-0.280809
-0.323246
-0.300773
-0.286573
-0.285069
-0.293341
-0.270573
-0.288858
-0.278715
-0.268971
-0.277317
-0.244401
-0.256864
-0.333679
-0.304984
-0.275302
-0.311706
-0.345619
-0.274806
-0.300289
-0.302156
-0.306937
-0.295163
-0.302159
-0.226178
-0.313556
-0.279873
-0.334922
-0.314189
-0.348588
-0.231077
-0.350855
-0.293842
-0.278689
-0.290612
-0.304735
-0.272495
-0.287481
-0.276204
-0.351397
-0.279489
-0.275629
-0.295172
-0.291953
-0.320514
-0.282067
-0.278940
-0.320029
-0.267765
-0.282763
-0.262040
-0.322384
-0.314792
-0.328081
-0.313066
-0.337469
-0.296414
-0.264521
-0.268005
-0.308261
-0.341401
-0.308149
-0.241882
-0.307207
-0.265582
-0.286781
-0.282389
-0.280101
-0.261419
-0.310666
-0.278623
-0.297234
-0.244647
-0.316813
-0.317421
-0.286634
-0.330160
-0.359564
-0.314221
-0.261326
-0.278280
-0.300695
-0.296921
-0.333486
-0.306399
-0.256875
-0.332699
-0.324419
-0.334725
-0.320350
-0.301938
-0.261234
-0.309826
-0.285406
-0.282665
-0.329857
-0.287529
-0.302870
-0.273520
-0.319434
-0.276851
-0.283537
-0.285041
-0.294501
-0.283971
-0.263623
-0.312398
-0.215276
-0.334237
-0.305563
-0.329613
-0.311215
-0.236230
-0.279926
-0.320085
-0.224054
-0.280431
-0.315750
-0.283137
-0.308503
-0.324537
-0.349276
-0.305896
-0.296089
-0.296819
-0.287411
-0.309329
-0.310675
-0.270704
-0.284594
-0.298349
-0.263231
-0.327400
-0.292490
-0.254766
-0.347213
-0.306698
-0.314023
-0.301967
-0.274746
-0.294549
-0.279849
-0.249213
-0.250626
-0.285546
-0.314352
-0.318724
-0.277673
-0.305409
-0.266071
-0.366560
-0.285161
-0.260841
-0.247122
-0.336373
-0.304292
-0.280021
-0.286447
-0.245647
-0.297166
-0.307643
-0.287053
-0.340434
-0.257892
-0.322207
-0.316678
-0.235185
-0.252445
-0.304073
-0.286792
-0.306342
-0.319900
-0.298776
-0.293480
-0.269226
-0.286783
-0.284952
-0.308292
-0.319812
-0.290646
-0.303889
-0.265360
-0.289207
-0.290711
-0.216903
-0.258372
-0.265236
-0.300414
-0.301083
-0.255220
-0.297585
-0.274950
-0.334879
-0.288646
-0.279497
-0.305568
-0.286529
-0.253679
-0.317420
-0.288206
-0.283490
-0.273486
-0.278788
-0.290932
-0.301722
-0.343049
-0.260862
-0.331438
-0.272323
-0.303606
-0.286940
-0.298652
-0.292806
-0.338043
-0.266204
-0.344347
-0.235134
-0.277055
-0.302445
-0.293197
-0.288604
-0.290449
-0.294197
-0.294206
-0.313411
-0.286455
-0.304720
-0.340086
-0.227947
-0.298803
-0.327636
-0.303200
-0.300951
-0.259347
-0.245651
-0.290854
-0.262649
-0.279933
-0.292375
-0.263914
-0.300940
-0.283388
-0.313691
-0.292050
-0.264163
-0.318806
-0.319911
-0.298870
-0.310031
-0.317891
-0.292995
-0.273778
-0.311751
-0.325547
-0.278155
-0.321399
-0.308280
-0.300963
-0.292000
-0.316887
-0.380894
-0.226303
-0.278223
-0.265429
-0.292624
-0.331814
-0.295186
-0.279040
-0.314173
-0.275883
-0.364655
-0.253600
-0.328653
-0.280310
-0.241709
-0.282349
-0.323606
-0.303279
-0.263272
-0.291163
-0.264675
-0.304189
-0.313580
-0.283753
-0.306714
-0.310388
-0.320887
-0.288588
-0.302707
-0.296828
-0.344185
-0.296903
-0.261106
-0.283284
-0.281139
-0.294977
-0.279807
-0.305087
-0.302280
-0.327417
-0.277867
-0.272425
-0.260526
-0.256654
-0.320026
-0.330921
-0.311094
-0.304433
-0.306247
-0.309948
-0.324949
-0.271936
-0.265328
-0.269026
-0.294671
-0.331935
-0.291951
-0.294435
-0.354298
-0.348926
-0.249706
-0.296057
-0.299552
-0.280305
-0.291572
-0.287970
-0.245842
-0.289167
-0.311199
-0.311781
-0.265562
-0.318815
-0.301376
-0.340789
-0.312123
-0.333676
-0.234937
-0.311480
-0.272936
-0.328737
-0.307857
-0.292878
-0.285562
-0.315655
-0.341139
-0.245394
-0.331595
-0.278879
-0.292405
-0.288431
-0.267177
-0.292860
-0.309838
-0.266034
-0.276084
-0.309582
-0.311898
-0.283966
-0.293125
-0.285448
-0.314391
-0.272563
-0.266398
-0.274046
-0.247117
-0.283368
-0.254570
-0.307293
-0.297684
-0.271998
-0.306691
-0.285737
-0.311836
-0.266452
-0.323228
-0.292888
-0.326346
-0.279931
-0.302141
-0.287808
-0.374133
-0.302463
-0.256181
-0.284088
-0.348898
-0.292527
-0.285255
-0.244257
-0.281008
-0.338478
-0.328139
-0.309118
-0.309499
-0.316276
-0.335726
-0.305433
-0.331247
-0.261090
-0.334170
-0.257551
-0.344571
-0.350101
-0.311293
-0.322057
-0.313440
-0.325687
-0.267045
-0.266498
-0.288954
-0.268385
-0.267823
-0.303994
-0.288752
-0.257445
-0.304293
-0.281871
-0.282058
-0.250227
-0.337186
-0.255485
-0.329065
-0.283192
-0.280005
-0.329599
-0.315488
-0.328683
-0.250114
-0.276472
-0.301780
-0.332414
-0.325782
-0.328776
-0.356867
-0.336511
-0.266816
-0.269129
-0.246057
-0.263976
-0.271279
-0.287603
-0.290665
-0.320232
-0.302214
-0.326766
-0.321791
-0.308845
-0.276517
-0.308007
-0.283947
-0.317487
-0.256192
-0.313759
-0.333078
-0.323616
-0.271322
-0.299315
-0.300193
-0.297809
-0.302767
-0.293501
-0.294458
-0.318292
-0.313042
-0.311497
-0.341611
-0.289819
-0.279670
-0.261261
-0.293705
-0.244350
-0.295272
-0.276828
-0.289722
-0.298932
-0.347234
-0.321091
-0.253370
-0.291311
-0.292820
-0.252435
-0.257081
-0.264459
-0.305130
-0.271498
-0.334770
-0.287401
-0.286416
-0.325310
-0.310246
-0.331153
-0.293536
-0.309879
-0.328382
-0.258730
-0.311742
-0.260728
-0.267563
-0.298867
-0.271873
-0.289417
-0.281811
-0.306075
-0.277853
-0.296739
-0.256166
-0.262910
-0.289077
-0.320499
-0.314049
-0.320351
-0.290722
-0.281131
-0.283151
-0.310239
-0.296485
-0.254398
-0.282699
-0.313140
-0.267807
-0.311085
-0.287016
-0.286213
-0.286685
-0.282449
-0.270560
-0.284811
-0.316041
-0.316802
-0.303618
-0.302202
-0.278933
-0.232832
-0.301778
-0.260920
-0.273435
-0.250929
-0.257662
-0.298768
-0.292168
-0.267945
-0.269353
-0.269543
-0.269990
-0.314936
-0.279084
-0.273732
-0.319102
-0.284543
-0.305369
-0.257326
-0.306465
-0.343495
-0.302613
-0.310747
-0.292266
-0.263410
-0.240838
-0.258782
-0.324311
-0.298396
-0.323658
-0.283630
-0.285456
-0.298627
-0.263733
-0.317365
-0.279362
-0.297983
-0.304287
-0.328744
-0.305641
-0.292268
-0.301785
-0.295667
-0.268639
-0.353518
-0.284282
-0.339885
-0.298731
-0.284393
-0.312796
-0.305270
-0.322180
-0.220884
-0.301127
-0.242974
-0.311951
-0.289513
-0.306463
-0.271344
-0.304392
-0.254983
-0.295729
-0.318585
-0.250136
-0.264461
-0.275443
-0.275743
-0.275073
-0.275883
-0.305497
-0.261743
-0.302326
-0.289453
-0.304385
-0.251154
-0.294785
-0.228587
-0.283854
-0.275414
-0.269778
-0.273877
-0.305970
-0.284545
-0.254293
-0.276846
-0.282148
-0.256219
-0.240460
-0.230615
-0.266636
-0.283558
-0.278066
-0.312819
-0.280057
-0.306307
-0.300642
-0.259188
-0.254079
-0.239259
-0.317133
-0.261471
-0.281741
-0.249413
-0.281716
-0.285515
-0.273808
-0.303337
-0.256844
-0.244008
-0.312566
-0.283133
-0.264670
-0.292321
-0.281375
-0.255858
-0.308582
-0.269149
-0.280553
-0.240594
-0.292133
-0.269406
-0.225853
-0.260978
-0.285325
-0.238673
-0.241013
-0.310019
-0.263029
-0.297621
-0.254189
-0.245207
-0.298424
-0.290007
-0.301445
-0.265502
-0.243228
-0.308885
-0.272724
-0.270595
-0.250324
-0.229640
-0.301608
-0.282358
-0.275082
-0.286390
-0.248414
-0.223619
-0.234990
-0.310925
-0.297769
-0.250339
-0.283176
-0.287845
-0.243301
-0.256157
-0.308835
-0.297887
-0.255615
-0.295537
-0.240843
-0.280972
-0.264028
-0.250509
-0.264625
-0.314831
-0.277147
-0.275737
-0.301666
-0.278298
-0.239883
-0.225380
-0.252869
-0.279171
-0.263803
-0.276214
-0.308661
-0.282120
-0.262487
-0.317668
-0.278975
-0.237438
-0.281473
-0.291244
-0.233207
-0.315663
-0.283972
-0.282665
-0.258852
-0.272288
-0.284190
-0.286888
-0.288742
-0.288416
-0.279094
-0.257614
-0.286799
-0.258009
-0.299796
-0.262970
-0.281195
-0.252013
-0.277795
-0.299145
-0.287926
-0.234436
-0.289274
-0.329316
-0.299697
-0.283744
-0.266446
-0.322295
-0.283300
-0.291036
-0.267576
-0.278535
-0.338859
-0.271299
-0.286688
-0.295554
-0.268562
-0.301021
-0.260162
-0.278672
-0.299270
-0.261054
-0.266215
-0.248684
-0.307472
-0.265604
-0.269367
-0.215513
-0.251590
-0.284570
-0.263811
-0.275616
-0.303476
-0.289132
-0.254893
-0.253236
-0.328925
-0.266777
-0.270288
-0.269711
-0.294892
-0.280066
-0.291260
-0.271080
-0.259845
-0.276071
-0.322830
-0.270721
-0.270143
-0.302960
-0.332876
-0.278228
-0.247578
-0.265301
-0.251198
-0.329706
-0.288009
-0.263273
-0.247700
-0.254143
-0.297283
-0.254442
-0.239238
-0.304392
-0.255993
-0.247484
-0.296184
-0.252490
-0.244352
-0.328548
-0.296675
-0.277051
-0.288576
-0.245392
-0.298130
-0.238178
-0.266685
-0.274578
-0.331442
-0.237624
-0.293546
-0.265591
-0.253086
-0.262022
-0.288975
-0.254302
-0.271021
-0.310059
-0.286229
-0.292755
-0.258660
-0.281662
-0.312201
-0.303245
-0.272176
-0.250810
-0.249438
-0.292287
-0.279280
-0.298009
-0.295738
-0.277135
-0.317469
-0.265334
-0.256131
-0.237397
-0.281586
-0.292388
-0.311562
-0.271013
-0.268467
-0.267394
-0.252560
-0.258326
-0.287853
-0.250043
-0.236208
-0.308520
-0.311882
-0.268020
-0.325570
-0.271169
-0.297675
-0.300855
-0.258638
-0.261743
-0.293491
-0.263078
-0.271490
-0.261194
-0.318590
-0.275733
-0.239254
-0.260241
-0.261564
-0.300314
-0.275319
-0.275671
-0.232826
-0.292534
-0.261782
-0.278408
-0.262088
-0.265624
-0.304851
-0.242826
-0.283629
-0.263511
-0.293506
-0.302525
-0.297186
-0.222366
-0.268839
-0.267066
-0.254608
-0.273552
-0.268720
-0.267907
-0.272884
-0.297324
-0.279500
-0.230042
-0.306105
-0.258047
-0.297956
-0.286564
-0.250280
-0.314256
-0.256228
-0.301205
-0.272693
-0.276458
-0.285252
-0.304904
-0.267413
-0.287155
-0.297941
-0.268364
-0.314962
-0.267675
-0.267979
-0.272449
-0.240609
-0.216608
-0.241962
-0.294971
-0.293718
-0.264264
-0.273881
-0.270452
-0.299201
-0.283530
-0.256267
-0.258414
-0.243572
-0.296496
-0.252356
-0.240084
-0.282400
-0.242173
-0.230341
-0.253769
-0.310966
-0.277975
-0.283245
-0.239474
-0.263708
-0.279855
-0.286592
-0.277675
-0.243830
-0.302334
-0.280484
-0.248035
-0.258670
-0.280028
-0.278590
-0.268218
-0.276532
-0.263895
-0.230762
-0.280607
-0.280091
-0.275845
-0.296082
-0.259383
-0.277593
-0.240776
-0.274655
-0.261762
-0.256611
-0.240251
-0.277754
-0.255035
-0.292795
-0.258944
-0.272443
-0.276177
-0.226117
-0.271484
-0.294035
-0.251199
-0.283754
-0.241330
-0.243157
-0.267699
-0.256870
-0.274077
-0.257999
-0.297687
-0.251284
-0.308876
-0.255070
-0.291110
-0.295333
-0.294575
-0.278671
-0.307120
-0.269027
-0.267435
-0.291112
-0.261738
-0.264209
-0.268051
-0.271038
-0.277234
-0.270590
-0.258782
-0.233906
-0.297746
-0.279702
-0.259363
-0.275954
-0.269604
-0.278290
-0.279722
-0.311499
-0.311634
-0.283801
-0.258784
-0.282925
-0.305116
-0.226356
-0.280175
-0.296213
-0.319759
-0.240783
-0.223155
-0.276007
-0.266464
-0.308457
-0.314211
-0.300629
-0.273356
-0.287790
-0.282745
-0.266614
-0.278342
-0.245794
-0.269200
-0.255364
-0.268714
-0.285555
-0.246341
-0.243637
-0.302332
-0.299221
-0.234840
-0.261979
-0.278200
-0.252515
-0.221436
-0.247923
-0.252227
-0.262500
-0.228336
-0.257256
-0.278437
-0.281420
-0.297078
-0.251094
-0.282210
-0.304411
-0.291621
-0.251473
-0.251159
-0.268434
-0.251506
-0.232298
-0.245291
-0.261264
-0.192689
-0.299263
-0.253560
-0.279441
-0.298840
-0.238121
-0.275607
-0.244770
-0.262809
-0.231122
-0.260629
-0.269846
-0.284330
-0.285042
-0.270206
-0.267382
-0.263811
-0.269935
-0.288782
-0.288251
-0.297362
-0.303088
-0.286988
-0.271576
-0.266464
-0.261798
-0.293955
-0.275858
-0.273958
-0.276644
-0.305308
-0.288331
-0.248172
-0.282261
-0.290774
-0.265413
-0.273636
-0.287961
-0.224142
-0.260515
-0.260603
-0.279759
-0.268352
-0.319442
-0.287910
-0.270033
-0.255032
-0.251630
-0.299532
-0.275838
-0.265710
-0.289355
-0.263985
-0.275655
-0.276948
-0.277210
-0.255910
-0.260483
-0.291297
-0.248323
-0.285901
-0.260028
-0.289647
-0.282952
-0.280747
-0.286033
-0.270314
-0.263136
-0.287160
-0.312652
-0.252531
-0.281743
-0.273957
-0.248457
-0.282345
-0.273052
-0.272003
-0.292564
-0.285696
-0.304137
-0.263456
-0.250433
-0.274945
-0.305902
-0.241238
-0.286477
-0.250148
-0.254169
-0.274053
-0.251221
-0.264607
-0.253781
-0.291491
-0.294924
-0.273159
-0.254184
-0.254274
-0.275435
-0.283838
-0.249743
-0.286992
-0.295759
-0.267879
-0.289916
-0.255801
-0.245815
-0.252308
-0.269633
-0.287519
-0.299347
-0.269568
-0.272572
-0.272942
-0.286154
-0.265745
-0.285203
-0.266015
-0.274045
-0.262196
-0.285798
-0.289297
-0.286516
-0.267627
-0.254610
-0.247590
-0.274976
-0.229023
-0.289769
-0.290033
-0.271703
-0.306086
-0.266899
-0.238266
-0.253183
-0.268579
-0.298698
-0.264256
-0.255112
-0.296014
-0.314906
-0.343243
-0.291306
-0.329197
-0.346081
-0.268017
-0.300003
-0.320720
-0.312297
-0.273747
-0.266752
-0.329840
-0.288710
-0.270392
-0.341126
-0.293953
-0.308715
-0.276441
-0.281739
-0.289177
-0.298104
-0.275486
-0.272748
-0.292011
-0.293444
-0.296880
-0.314578
-0.279890
-0.290821
-0.304209
-0.274847
-0.335110
-0.327776
-0.294415
-0.285880
-0.283894
-0.298618
-0.299934
-0.283423
-0.282438
-0.294121
-0.327117
-0.277473
-0.295200
-0.245255
-0.311868
-0.349803
-0.289039
-0.324029
-0.251607
-0.265956
-0.292242
-0.309356
-0.314981
-0.309629
-0.271167
-0.301429
-0.294312
-0.323939
-0.279326
-0.277757
-0.303122
-0.324573
-0.288819
-0.333324
-0.272089
-0.283552
-0.330233
-0.298816
-0.259864
-0.303569
-0.260753
-0.268385
-0.315277
-0.263694
-0.281349
-0.256219
-0.293532
-0.295267
-0.267633
-0.321904
-0.322655
-0.296862
-0.208876
-0.283254
-0.284922
-0.274923
-0.288316
-0.292498
-0.314964
-0.306226
-0.291912
-0.308221
-0.287441
-0.266435
-0.302863
-0.327901
-0.315096
-0.317859
-0.302740
-0.285811
-0.284108
-0.285209
-0.341158
-0.276576
-0.281311
-0.340720
-0.292343
-0.319801
-0.266686
-0.300452
-0.289089
-0.325378
-0.308151
-0.270701
-0.304388
-0.270592
-0.274131
-0.276138
-0.286799
-0.290309
-0.317196
-0.298324
-0.282127
-0.294211
-0.288425
-0.283594
-0.285509
-0.282856
-0.267070
-0.308487
-0.285333
-0.318398
-0.291675
-0.265894
-0.256443
-0.338397
-0.289854
-0.320935
-0.269143
-0.260985
-0.250063
-0.224456
-0.321396
-0.301904
-0.359957
-0.244053
-0.259660
-0.336867
-0.333218
-0.308905
-0.325038
-0.336914
-0.289215
-0.314095
-0.316491
-0.324221
-0.332002
-0.258246
-0.309818
-0.300639
-0.276589
-0.293236
-0.326348
-0.281360
-0.265476
-0.292279
-0.294632
-0.284759
-0.295832
-0.300958
-0.303809
-0.332261
-0.307083
-0.288744
-0.261029
-0.298875
-0.356139
-0.241627
-0.301018
-0.281280
-0.302825
-0.276227
-0.305397
-0.273393
-0.307387
-0.317450
-0.283419
-0.313840
-0.286134
-0.238694
-0.238473
-0.319882
-0.293229
-0.280402
-0.323430
-0.305612
-0.254471
-0.309382
-0.338853
-0.268198
-0.284137
-0.314630
-0.316426
-0.269762
-0.305777
-0.298393
-0.298479
-0.265163
-0.313915
-0.330434
-0.262208
-0.304328
-0.332461
-0.261367
-0.305646
-0.304304
-0.282099
-0.285216
-0.281236
-0.320553
-0.304060
-0.243595
-0.269560
-0.329015
-0.296667
-0.325165
-0.267397
-0.287930
-0.275066
-0.255873
-0.292443
-0.307981
-0.305794
-0.273914
-0.299595
-0.307454
-0.303269
-0.287369
-0.322095
-0.299745
-0.317075
-0.260765
-0.302242
-0.277982
-0.268566
-0.300565
-0.279175
-0.253128
-0.313589
-0.284197
-0.247737
-0.277529
-0.294230
-0.288788
-0.273861
-0.275752
-0.318710
-0.322377
-0.308746
-0.309792
-0.272169
-0.319876
-0.264956
-0.339600
-0.272326
-0.286279
-0.267044
-0.281229
-0.312524
-0.292704
-0.260094
-0.283632
-0.285102
-0.280450
-0.291110
-0.310207
-0.267845
-0.280830
-0.293376
-0.269767
-0.322492
-0.289447
-0.301010
-0.280244
-0.271006
-0.264491
-0.266288
-0.273035
-0.272794
-0.284086
-0.317810
-0.303440
-0.310666
-0.287656
-0.231620
-0.275946
-0.203195
-0.266835
-0.222125
-0.268028
-0.248488
-0.179189
-0.257356
-0.256365
-0.240882
-0.287097
-0.230252
-0.240587
-0.294083
-0.276316
-0.251667
-0.288860
-0.283044
-0.202750
-0.276825
-0.253006
-0.253238
-0.339046
-0.217976
-0.256729
-0.241575
-0.342493
-0.283976
-0.292394
-0.222296
-0.298387
-0.222471
-0.216242
-0.233652
-0.232372
-0.284363
-0.273838
-0.243329
-0.268673
-0.248826
-0.265957
-0.268433
-0.283606
-0.236298
-0.234642
-0.254197
-0.255402
-0.248744
-0.250129
-0.278299
-0.269168
-0.282804
-0.257555
-0.275913
-0.300800
-0.270595
-0.222231
-0.275340
-0.277063
-0.242825
-0.236877
-0.248932
-0.294782
-0.242969
-0.259949
-0.276115
-0.268865
-0.242909
-0.246721
-0.241915
-0.285531
-0.225149
-0.302385
-0.303440
-0.240122
-0.291274
-0.231086
-0.267700
-0.257522
-0.290150
-0.247127
-0.273475
-0.274616
-0.269070
-0.252226
-0.255382
-0.260849
-0.262173
-0.232004
-0.233166
-0.285377
-0.231666
-0.312268
-0.331519
-0.283079
-0.215682
-0.214271
-0.323036
-0.240986
-0.249311
-0.264886
-0.232830
-0.273199
-0.218763
-0.235909
-0.241376
-0.315526
-0.259723
-0.274892
-0.249224
-0.237838
-0.252783
-0.265277
-0.288379
-0.288429
-0.281375
-0.203262
-0.213459
-0.262559
-0.270808
-0.288641
-0.262615
-0.252419
-0.256401
-0.201052
-0.257355
-0.226059
-0.255915
-0.215658
-0.249144
-0.249627
-0.262643
-0.235634
-0.272883
-0.261997
-0.270859
-0.262711
-0.280100
-0.248955
-0.248078
-0.252266
-0.265421
-0.210250
-0.276869
-0.291661
-0.220935
-0.238905
-0.279324
-0.298321
-0.242891
-0.285269
-0.237026
-0.266786
-0.234148
-0.224490
-0.244773
-0.286716
-0.287668
-0.232192
-0.319069
-0.243663
-0.246154
-0.286335
-0.264534
-0.243649
-0.281501
-0.244260
-0.268595
-0.315767
-0.215607
-0.207997
-0.248260
-0.296364
-0.259017
-0.275154
-0.256900
-0.257890
-0.252545
-0.276251
-0.301423
-0.245494
-0.213484
-0.268863
-0.237725
-0.225344
-0.254447
-0.244333
-0.241155
-0.296785
-0.258795
-0.291562
-0.240152
-0.262171
-0.231515
-0.247243
-0.282238
-0.302423
-0.290689
-0.234186
-0.200260
-0.272168
-0.235627
-0.241202
-0.227029
-0.239613
-0.282352
-0.280576
-0.266460
-0.207061
-0.264955
-0.205088
-0.259046
-0.243493
-0.240531
-0.211607
-0.272057
-0.290569
-0.234834
-0.253974
-0.240987
-0.268202
-0.275313
-0.274079
-0.255322
-0.254528
-0.242009
-0.284942
-0.271872
-0.252453
-0.270370
-0.289701
-0.290568
-0.290831
-0.262991
-0.252600
-0.239275
-0.239544
-0.272277
-0.283930
-0.268225
-0.270328
-0.245780
-0.241319
-0.289451
-0.293449
-0.248348
-0.309698
-0.283525
-0.230420
-0.264088
-0.238249
-0.213819
-0.257159
-0.262307
-0.241484
-0.277367
-0.232591
-0.244464
-0.290729
-0.273847
-0.242514
-0.292795
-0.292391
-0.267525
-0.261206
-0.258523
-0.257684
-0.225046
-0.228301
-0.274477
-0.266970
-0.307852
-0.297512
-0.298356
-0.258403
-0.247196
-0.261736
-0.272928
-0.315475
-0.313943
-0.250819
-0.234133
-0.258871
-0.276090
-0.266888
-0.278339
-0.258028
-0.258776
-0.282809
-0.274332
-0.285534
-0.259431
-0.244143
-0.217064
-0.302429
-0.260853
-0.270989
-0.294810
-0.244121
-0.295240
-0.326614
-0.312951
-0.314025
-0.347634
-0.318237
-0.307998
-0.379935
-0.287088
-0.298733
-0.321682
-0.256661
-0.330269
-0.313771
-0.299089
-0.306505
-0.286279
-0.280415
-0.295402
-0.286273
-0.275499
-0.322594
-0.268059
-0.307056
-0.312427
-0.320037
-0.315757
-0.318293
-0.350693
-0.325790
-0.321542
-0.320455
-0.336502
-0.304316
-0.321580
-0.385093
-0.270380
-0.311970
-0.284033
-0.319449
-0.313886
-0.312971
-0.320674
-0.287550
-0.307124
-0.299940
-0.345780
-0.318774
-0.354564
-0.326100
-0.302247
-0.316083
-0.313229
-0.303042
-0.306009
-0.338363
-0.299601
-0.292855
-0.306913
-0.279169
-0.341510
-0.300882
-0.353061
-0.300178
-0.308048
-0.381314
-0.343524
-0.344301
-0.319169
-0.306423
-0.352790
-0.307396
-0.323970
-0.318517
-0.274088
-0.290127
-0.315000
-0.312070
-0.297292
-0.326302
-0.265909
-0.320710
-0.328031
-0.318579
-0.291971
-0.284477
-0.313927
-0.290635
-0.336452
-0.305092
-0.263697
-0.314711
-0.324845
-0.274431
-0.302865
-0.272072
-0.292133
-0.368269
-0.288894
-0.310151
-0.328264
-0.273950
-0.276852
-0.328128
-0.287106
-0.354378
-0.296647
-0.260140
-0.373239
-0.329924
-0.307629
-0.278465
-0.297984
-0.323245
-0.353360
-0.280000
-0.312040
-0.320696
-0.312118
-0.285527
-0.343310
-0.256487
-0.307265
-0.352931
-0.316733
-0.303510
-0.299744
-0.350824
-0.341179
-0.312453
-0.279864
-0.283212
-0.303350
-0.296866
-0.290420
-0.354323
-0.321266
-0.296147
-0.283897
-0.285526
-0.301966
-0.260629
-0.257383
-0.353759
-0.280934
-0.293933
-0.363036
-0.298086
-0.289483
-0.306802
-0.328623
-0.324795
-0.262509
-0.263140
-0.285518
-0.316590
-0.323308
-0.262825
-0.302032
-0.303322
-0.280143
-0.321929
-0.346723
-0.325352
-0.293226
-0.299812
-0.305184
-0.291847
-0.328579
-0.304237
-0.358334
-0.268984
-0.267554
-0.323419
-0.315171
-0.275458
-0.314964
-0.319854
-0.331456
-0.296935
-0.341243
-0.306324
-0.352530
-0.331439
-0.308824
-0.278412
-0.304803
-0.348855
-0.279433
-0.270365
-0.295523
-0.290103
-0.325031
-0.281999
-0.350835
-0.308841
-0.296229
-0.310562
-0.286381
-0.333158
-0.348177
-0.335789
-0.326965
-0.317339
-0.258840
-0.369693
-0.329943
-0.284933
-0.319055
-0.319142
-0.299955
-0.364900
-0.314142
-0.279082
-0.256869
-0.316480
-0.347593
-0.305725
-0.361413
-0.333029
-0.314091
-0.329608
-0.342631
-0.277386
-0.349348
-0.356360
-0.295381
-0.335963
-0.283593
-0.323992
-0.311905
-0.266549
-0.321650
-0.293872
-0.337056
-0.315121
-0.350564
-0.306847
-0.315414
-0.349843
-0.351738
-0.314911
-0.383954
-0.289032
-0.287684
-0.311324
-0.333393
-0.315827
-0.338920
-0.318070
-0.345737
-0.332013
-0.391564
-0.355071
-0.292468
-0.324770
-0.324464
-0.343013
-0.331524
-0.287385
-0.350548
-0.321214
-0.315193
-0.288063
-0.285151
-0.308298
-0.273454
-0.323881
-0.367369
-0.287051
-0.275800
-0.265154
-0.336120
-0.312466
-0.287204
-0.377659
-0.336828
-0.342427
-0.283566
-0.275515
-0.330377
-0.311724
-0.330942
-0.249216
-0.370750
-0.310626
-0.348249
-0.271237
-0.295893
-0.312602
-0.332288
-0.274944
-0.335598
-0.319207
-0.308723
-0.326291
-0.337372
-0.279074
-0.308511
-0.362941
-0.294788
-0.286308
-0.301405
-0.313928
-0.300162
-0.252228
-0.254771
-0.290333
-0.284278
-0.271519
-0.265923
-0.273774
-0.324227
-0.286876
-0.307299
-0.279102
-0.241794
-0.305862
-0.260507
-0.299238
-0.268532
-0.296594
-0.310323
-0.266644
-0.315140
-0.300824
-0.299447
-0.286898
-0.270845
-0.273217
-0.256510
-0.296171
-0.255780
-0.296061
-0.279654
-0.273787
-0.262603
-0.298431
-0.279720
-0.320782
-0.264503
-0.253694
-0.290642
-0.322499
-0.312477
-0.259334
-0.305581
-0.294809
-0.317253
-0.292671
-0.310261
-0.272767
-0.272007
-0.294055
-0.357252
-0.300675
-0.283046
-0.288093
-0.308450
-0.326818
-0.312022
-0.234349
-0.300147
-0.317140
-0.309953
-0.291686
-0.264464
-0.302166
-0.288615
-0.303301
-0.319440
-0.308898
-0.280895
-0.302364
-0.344518
-0.260173
-0.309264
-0.250203
-0.289955
-0.310025
-0.311929
-0.261336
-0.256020
-0.287967
-0.276069
-0.288795
-0.268777
-0.250296
-0.273480
-0.292929
-0.291491
-0.310186
-0.301723
-0.285285
-0.288815
-0.267998
-0.290103
-0.256007
-0.320373
-0.283402
-0.314125
-0.283113
-0.309096
-0.267029
-0.277091
-0.264363
-0.318607
-0.306736
-0.304711
-0.281712
-0.293549
-0.248085
-0.305206
-0.305964
-0.304955
-0.320252
-0.270846
-0.325277
-0.287640
-0.313042
-0.304274
-0.291794
-0.288034
-0.269882
-0.268126
-0.300676
-0.274966
-0.253603
-0.316603
-0.286819
-0.291750
-0.278161
-0.311588
-0.270352
-0.291026
-0.291534
-0.300467
-0.305780
-0.303380
-0.306320
-0.308242
-0.288014
-0.311151
-0.305722
-0.309861
-0.303065
-0.297065
-0.302242
-0.277627
-0.288140
-0.287631
-0.301506
-0.348207
-0.290248
-0.279738
-0.293194
-0.265067
-0.280176
-0.260486
-0.298337
-0.307805
-0.278434
-0.309130
-0.293780
-0.309581
-0.281626
-0.311145
-0.320033
-0.305936
-0.283530
-0.311067
-0.289744
-0.326057
-0.286378
-0.236970
-0.303711
-0.307443
-0.301167
-0.298181
-0.285012
-0.290939
-0.298081
-0.274498
-0.299365
-0.263260
-0.304527
-0.321888
-0.303685
-0.293522
-0.313368
-0.253058
-0.302269
-0.272280
-0.275131
-0.286228
-0.318248
-0.293101
-0.313880
-0.318907
-0.311671
-0.311103
-0.285939
-0.298232
-0.297017
-0.306656
-0.307186
-0.300808
-0.305662
-0.271221
-0.292795
-0.295850
-0.276282
-0.304301
-0.348039
-0.322302
-0.298332
-0.258462
-0.300862
-0.276277
-0.343828
-0.269085
-0.282928
-0.263042
-0.294719
-0.292572
-0.274074
-0.274631
-0.260412
-0.287519
-0.311634
-0.305976
-0.300619
-0.314711
-0.298745
-0.292642
-0.295665
-0.305625
-0.316814
-0.321708
-0.343973
-0.297615
-0.280790
-0.274308
-0.308396
-0.277656
-0.301201
-0.288405
-0.295465
-0.291860
-0.245816
-0.292965
-0.274308
-0.262547
-0.281806
-0.264996
-0.292972
-0.285866
-0.294707
-0.288166
-0.249039
-0.302109
-0.250218
-0.309506
-0.261938
-0.299897
-0.289527
-0.271048
-0.286079
-0.306453
-0.288629
-0.308887
-0.283489
-0.308736
-0.314092
-0.325959
-0.309206
-0.258215
-0.259219
-0.282627
-0.284474
-0.311951
-0.302189
-0.306550
-0.290613
-0.279459
-0.283140
-0.250401
-0.264824
-0.325849
-0.307492
-0.295979
-0.312468
-0.319668
-0.295272
-0.279367
-0.310953
-0.258181
-0.299264
-0.299709
-0.294935
