10
300
-0.294987
-0.359404
-0.323731
-0.346763
-0.339779
-0.308211
-0.280752
-0.285437
-0.314847
-0.300531
-0.273958
-0.293857
-0.314908
-0.305151
-0.292548
-0.321370
-0.322652
-0.336403
-0.331505
-0.352389
-0.314769
-0.314766
-0.321560
-0.295591
-0.309246
-0.299907
-0.286285
-0.324434
-0.321115
-0.302051
-0.345941
-0.323676
-0.351901
-0.328976
-0.324551
-0.308010
-0.267469
-0.354395
-0.323704
-0.321677
-0.318482
-0.310203
-0.289234
-0.352899
-0.315228
-0.313503
-0.297496
-0.326232
-0.299082
-0.290380
-0.362244
-0.323787
-0.318761
-0.289397
-0.288919
-0.346122
-0.321813
-0.359224
-0.296332
-0.272471
-0.274562
-0.333414
-0.356490
-0.294442
-0.309027
-0.307458
-0.360198
-0.335033
-0.348547
-0.284581
-0.296523
-0.315307
-0.354608
-0.284551
-0.321024
-0.285992
-0.301829
-0.319562
-0.328548
-0.337865
-0.286516
-0.288487
-0.302198
-0.313530
-0.289226
-0.312827
-0.314486
-0.274672
-0.279398
-0.299392
-0.312502
-0.368306
-0.338426
-0.326334
-0.287219
-0.309582
-0.357465
-0.304043
-0.328776
-0.287819
-0.292823
-0.319189
-0.327006
-0.307308
-0.320065
-0.292236
-0.353165
-0.316042
-0.267988
-0.334509
-0.295098
-0.307607
-0.320330
-0.281157
-0.257472
-0.292890
-0.361085
-0.305436
-0.309538
-0.325348
-0.296185
-0.283570
-0.298898
-0.313180
-0.343867
-0.301847
-0.325093
-0.294774
-0.291352
-0.350478
-0.334790
-0.299397
-0.302052
-0.345072
-0.318473
-0.308320
-0.338631
-0.309393
-0.347264
-0.341758
-0.298328
-0.308997
-0.280293
-0.320846
-0.323797
-0.320537
-0.302749
-0.343847
-0.293513
-0.308783
-0.325094
-0.254484
-0.272056
-0.312100
-0.318808
-0.242796
-0.278443
-0.301432
-0.332427
-0.308713
-0.299613
-0.345761
-0.319699
-0.341570
-0.351861
-0.344008
-0.337474
-0.304082
-0.320788
-0.305659
-0.330779
-0.328306
-0.355340
-0.328013
-0.262408
-0.282344
-0.261272
-0.273489
-0.284571
-0.314560
-0.310823
-0.308905
-0.325716
-0.296491
-0.334603
-0.250309
-0.283592
-0.318461
-0.304374
-0.290512
-0.339988
-0.326513
-0.301357
-0.298197
-0.330265
-0.293770
-0.278586
-0.313717
-0.318126
-0.297801
-0.340523
-0.296236
-0.266912
-0.324153
-0.348105
-0.323389
-0.278108
-0.318686
-0.250978
-0.324534
-0.313150
-0.357281
-0.306556
-0.297095
-0.320129
-0.267266
-0.316395
-0.358267
-0.326055
-0.327522
-0.323417
-0.323931
-0.286116
-0.305426
-0.286660
-0.291614
-0.294177
-0.297792
-0.349615
-0.352415
-0.326091
-0.309307
-0.286615
-0.346302
-0.322644
-0.326759
-0.311000
-0.296726
-0.305087
-0.362880
-0.302865
-0.304540
-0.336555
-0.267789
-0.288803
-0.279194
-0.328906
-0.319430
-0.338595
-0.313282
-0.323900
-0.355172
-0.298267
-0.346429
-0.346872
-0.282579
-0.303574
-0.340058
-0.308740
-0.324373
-0.297331
-0.303374
-0.340970
-0.344954
-0.311304
-0.316509
-0.362322
-0.352282
-0.346189
-0.335554
-0.286969
-0.308482
-0.335782
-0.314195
-0.266415
-0.307544
-0.263917
-0.320324
-0.316635
-0.265782
-0.315274
-0.279026
-0.334688
-0.303423
-0.296236
-0.300242
-0.316159
-0.313763
-0.317880
-0.300096
-0.296601
-0.308904
-0.328055
-0.327492
-0.338874
-0.290440
-0.332069
-0.284082
-0.360015
-0.270646
-0.175598
-0.178611
-0.178693
-0.148787
-0.148370
-0.150291
-0.148760
-0.166179
-0.141761
-0.172102
-0.194025
-0.153088
-0.200910
-0.104153
-0.204921
-0.145985
-0.178095
-0.142154
-0.161170
-0.157190
-0.143959
-0.165465
-0.100773
-0.163726
-0.151283
-0.186801
-0.181807
-0.111992
-0.164418
-0.137915
-0.162578
-0.165092
-0.163198
-0.196279
-0.201847
-0.160901
-0.180607
-0.143755
-0.176392
-0.167074
-0.164299
-0.171762
-0.147416
-0.150831
-0.172189
-0.109721
-0.177983
-0.158266
-0.104379
-0.190315
-0.144736
-0.158908
-0.181035
-0.165105
-0.157046
-0.174056
-0.157341
-0.140682
-0.134300
-0.171622
-0.160626
-0.160368
-0.177530
-0.180626
-0.182176
-0.156130
-0.168344
-0.137486
-0.132734
-0.172426
-0.145900
-0.169140
-0.181735
-0.183033
-0.160505
-0.148636
-0.153565
-0.173767
-0.185272
-0.133368
-0.171061
-0.180559
-0.145797
-0.164202
-0.130893
-0.192362
-0.166268
-0.163131
-0.221946
-0.123540
-0.150346
-0.153096
-0.133834
-0.179063
-0.116772
-0.167604
-0.172834
-0.199511
-0.144232
-0.118488
-0.180159
-0.177818
-0.185923
-0.172454
-0.151836
-0.167308
-0.162518
-0.189146
-0.175698
-0.196261
-0.170768
-0.166277
-0.153693
-0.150659
-0.151369
-0.155031
-0.161484
-0.159915
-0.156414
-0.185212
-0.109024
-0.168019
-0.161542
-0.179222
-0.152147
-0.145271
-0.161281
-0.170986
-0.207345
-0.151312
-0.155513
-0.151069
-0.181295
-0.179953
-0.154828
-0.156993
-0.137786
-0.148227
-0.137624
-0.148566
-0.154745
-0.194449
-0.137736
-0.148192
-0.157014
-0.221370
-0.212914
-0.196885
-0.158422
-0.133002
-0.145159
-0.186151
-0.154725
-0.157906
-0.157803
-0.169759
-0.184441
-0.166837
-0.198747
-0.177629
-0.156866
-0.152517
-0.166422
-0.157032
-0.175838
-0.145615
-0.185512
-0.201605
-0.140982
-0.169896
-0.138246
-0.159834
-0.160056
-0.182260
-0.183918
-0.144258
-0.175543
-0.178774
-0.195267
-0.133778
-0.156050
-0.131340
-0.198191
-0.165805
-0.132960
-0.164036
-0.205224
-0.204519
-0.181310
-0.207842
-0.182129
-0.159850
-0.129008
-0.129709
-0.148332
-0.138089
-0.159608
-0.171138
-0.159350
-0.167741
-0.145338
-0.131970
-0.197435
-0.189402
-0.161166
-0.172239
-0.148874
-0.173320
-0.165153
-0.173384
-0.145474
-0.149852
-0.096080
-0.154704
-0.142424
-0.181540
-0.200091
-0.138042
-0.176734
-0.160706
-0.150881
-0.165314
-0.144566
-0.143087
-0.205550
-0.146661
-0.174960
-0.140956
-0.160054
-0.142271
-0.196714
-0.157020
-0.148069
-0.106455
-0.157631
-0.119380
-0.151377
-0.137144
-0.122331
-0.173060
-0.128559
-0.174113
-0.164371
-0.141848
-0.141760
-0.135147
-0.127490
-0.153858
-0.158963
-0.178371
-0.221811
-0.153416
-0.177946
-0.153928
-0.155988
-0.153385
-0.157891
-0.136970
-0.102361
-0.185105
-0.121940
-0.143266
-0.144743
-0.150564
-0.153577
-0.153392
-0.145587
-0.138563
-0.173314
-0.152579
-0.146690
-0.193753
-0.153546
-0.154483
-0.142243
-0.162624
-0.171805
-0.188712
-0.145675
-0.204865
-0.108968
-0.123271
-0.165419
-0.186338
-0.154210
-0.179168
-0.156875
-0.149845
-0.182268
-0.156281
-0.137215
-0.117254
-0.166168
-0.147183
-0.165281
-0.150149
-0.178938
-0.152935
-0.160168
-0.134916
-0.282696
-0.326304
-0.286677
-0.266579
-0.299453
-0.270575
-0.297103
-0.281160
-0.285775
-0.280761
-0.318234
-0.266848
-0.281874
-0.295670
-0.288521
-0.268582
-0.270635
-0.293276
-0.327258
-0.227783
-0.304335
-0.301432
-0.326527
-0.272727
-0.291085
-0.295475
-0.273851
-0.275581
-0.292915
-0.348335
-0.293914
-0.275569
-0.264010
-0.323860
-0.256749
-0.268143
-0.350014
-0.332212
-0.276504
-0.267089
-0.293140
-0.321090
-0.273891
-0.258817
-0.273481
-0.249050
-0.294063
-0.274399
-0.301406
-0.341805
-0.283184
-0.270972
-0.294370
-0.279538
-0.232515
-0.294128
-0.278069
-0.215431
-0.362812
-0.266196
-0.281916
-0.301105
-0.327348
-0.326895
-0.309653
-0.323390
-0.257496
-0.317361
-0.331033
-0.293777
-0.285082
-0.269776
-0.295450
-0.239371
-0.279245
-0.307990
-0.300201
-0.263776
-0.344667
-0.276872
-0.236791
-0.295439
-0.271383
-0.273232
-0.300437
-0.272979
-0.276559
-0.299669
-0.325765
-0.360596
-0.248467
-0.278681
-0.266886
-0.244196
-0.280966
-0.274812
-0.321882
-0.321943
-0.320512
-0.303467
-0.276065
-0.294743
-0.275011
-0.305853
-0.289328
-0.277686
-0.252267
-0.301376
-0.274454
-0.272637
-0.275339
-0.258142
-0.295656
-0.303631
-0.299683
-0.294055
-0.283974
-0.294012
-0.315142
-0.319742
-0.329038
-0.269080
-0.312756
-0.300800
-0.244055
-0.261123
-0.359169
-0.307994
-0.298406
-0.269556
-0.302427
-0.258775
-0.306865
-0.257545
-0.323660
-0.324853
-0.302597
-0.312886
-0.321227
-0.333674
-0.274517
-0.298903
-0.302808
-0.281615
-0.312397
-0.269746
-0.280517
-0.278820
-0.329258
-0.339229
-0.243742
-0.333022
-0.334506
-0.289703
-0.323556
-0.365226
-0.329075
-0.366299
-0.293204
-0.265063
-0.302296
-0.295609
-0.300300
-0.268288
-0.237691
-0.297392
-0.310760
-0.312938
-0.256285
-0.328912
-0.327096
-0.317692
-0.297248
-0.299622
-0.324575
-0.265789
-0.278613
-0.247294
-0.291866
-0.296855
-0.330781
-0.282867
-0.281696
-0.298278
-0.271116
-0.281487
-0.275130
-0.277725
-0.309748
-0.273205
-0.271599
-0.301700
-0.290888
-0.359119
-0.346392
-0.303011
-0.304279
-0.331177
-0.240628
-0.305419
-0.302418
-0.296481
-0.289233
-0.315591
-0.229943
-0.314357
-0.309736
-0.287574
-0.302206
-0.261830
-0.334400
-0.302600
-0.294224
-0.357403
-0.307107
-0.296908
-0.278358
-0.250253
-0.346401
-0.290362
-0.317726
-0.237622
-0.319577
-0.308762
-0.251699
-0.331080
-0.336383
-0.268657
-0.283367
-0.251016
-0.307638
-0.294758
-0.319127
-0.286441
-0.314694
-0.313435
-0.334131
-0.333349
-0.355145
-0.280775
-0.294317
-0.271798
-0.295399
-0.312865
-0.284060
-0.262474
-0.268392
-0.292138
-0.315279
-0.288810
-0.244041
-0.273869
-0.254406
-0.310491
-0.328034
-0.304088
-0.291019
-0.287705
-0.305634
-0.288825
-0.326130
-0.293087
-0.285940
-0.284605
-0.248602
-0.289722
-0.327047
-0.288294
-0.284205
-0.315305
-0.308145
-0.331387
-0.259125
-0.314794
-0.277471
-0.294102
-0.271474
-0.285342
-0.319077
-0.314446
-0.340857
-0.315611
-0.304299
-0.321034
-0.266861
-0.299053
-0.328756
-0.308629
-0.241079
-0.289029
-0.314216
-0.284325
-0.216223
-0.298419
-0.274842
-0.315253
-0.268935
-0.328895
-0.276696
-0.256153
-0.257131
-0.233888
-0.219326
-0.275688
-0.263978
-0.281363
-0.305663
-0.319790
-0.253480
-0.278986
-0.315470
-0.318797
-0.295972
-0.319322
-0.261680
-0.296913
-0.270241
-0.261755
-0.318369
-0.322984
-0.349642
-0.225210
-0.254412
-0.330400
-0.281924
-0.329027
-0.314263
-0.283147
-0.325931
-0.364898
-0.262513
-0.298084
-0.268430
-0.262772
-0.314643
-0.269222
-0.281609
-0.279548
-0.232689
-0.327415
-0.309450
-0.328943
-0.262326
-0.260325
-0.309441
-0.280378
-0.243483
-0.299700
-0.275070
-0.327569
-0.257338
-0.257562
-0.314703
-0.273882
-0.258386
-0.275304
-0.280687
-0.299099
-0.319221
-0.266405
-0.296665
-0.315668
-0.262245
-0.253306
-0.307517
-0.277667
-0.265822
-0.324157
-0.275267
-0.293788
-0.319201
-0.278222
-0.324929
-0.329305
-0.308650
-0.267304
-0.306914
-0.307454
-0.296438
-0.373682
-0.288122
-0.311993
-0.332586
-0.264563
-0.281399
-0.326444
-0.267320
-0.271539
-0.263548
-0.305135
-0.311862
-0.323639
-0.315772
-0.251346
-0.289466
-0.264834
-0.276040
-0.278053
-0.278535
-0.319297
-0.242894
-0.273755
-0.252361
-0.316912
-0.272985
-0.355805
-0.287770
-0.257589
-0.293864
-0.309720
-0.331625
-0.257445
-0.260787
-0.268373
-0.270669
-0.253858
-0.287321
-0.317622
-0.272069
-0.268241
-0.317282
-0.304001
-0.266778
-0.315367
-0.285396
-0.321923
-0.272006
-0.295486
-0.307821
-0.301327
-0.299159
-0.317881
-0.304488
-0.271185
-0.268972
-0.309576
-0.349068
-0.265865
-0.249888
-0.291162
-0.317011
-0.254861
-0.323799
-0.318816
-0.307662
-0.291962
-0.315838
-0.295717
-0.304400
-0.311434
-0.316114
-0.285624
-0.279997
-0.292082
-0.297027
-0.290853
-0.243875
-0.277847
-0.280525
-0.279756
-0.307752
-0.289630
-0.235244
-0.289553
-0.275548
-0.347194
-0.265273
-0.290279
-0.320333
-0.260238
-0.313490
-0.275767
-0.235003
-0.240796
-0.277113
-0.343444
-0.295736
-0.256371
-0.303771
-0.296144
-0.274220
-0.229705
-0.297576
-0.301978
-0.328739
-0.295247
-0.306531
-0.294806
-0.243056
-0.260616
-0.286150
-0.269195
-0.344315
-0.292283
-0.313837
-0.272207
-0.312419
-0.230627
-0.306928
-0.304048
-0.256098
-0.262559
-0.275513
-0.265794
-0.305058
-0.292102
-0.271021
-0.285455
-0.243362
-0.326446
-0.307396
-0.294131
-0.272004
-0.277944
-0.284765
-0.304627
-0.306870
-0.280734
-0.270054
-0.280900
-0.337203
-0.298991
-0.279432
-0.276934
-0.264190
-0.288637
-0.352706
-0.302532
-0.273492
-0.310974
-0.275809
-0.257042
-0.307816
-0.289345
-0.315404
-0.269506
-0.294567
-0.278504
-0.276809
-0.317552
-0.329371
-0.258429
-0.298271
-0.283517
-0.285930
-0.284993
-0.273080
-0.338072
-0.284497
-0.273258
-0.249395
-0.281761
-0.309431
-0.279961
-0.308484
-0.282557
-0.334516
-0.295917
-0.289624
-0.301746
-0.310773
-0.306855
-0.320175
-0.297155
-0.248349
-0.307247
-0.244193
-0.321835
-0.238671
-0.237159
-0.298904
-0.263656
-0.310141
-0.337713
-0.290134
-0.295893
-0.325210
-0.259246
-0.334426
-0.287590
-0.305785
-0.316558
-0.282868
-0.270689
-0.304848
-0.262635
-0.235757
-0.246658
-0.270786
-0.307352
-0.300158
-0.281324
-0.303464
-0.321357
-0.259701
-0.249386
-0.278886
-0.312389
-0.298798
-0.288326
-0.312321
-0.264575
-0.274877
-0.299986
-0.297159
-0.289260
-0.271709
-0.294676
-0.248557
-0.279855
-0.273534
-0.273703
-0.283201
-0.284928
-0.288691
-0.242746
-0.297853
-0.292557
-0.263222
-0.268806
-0.231551
-0.304185
-0.260971
-0.301834
-0.324313
-0.237738
-0.316737
-0.290220
-0.278209
-0.280373
-0.206764
-0.296230
-0.329514
-0.285824
-0.297967
-0.290984
-0.252926
-0.247948
-0.325413
-0.277210
-0.277413
-0.314549
-0.300812
-0.295313
-0.257959
-0.279595
-0.245723
-0.314653
-0.269503
-0.300084
-0.287643
-0.322309
-0.301630
-0.265279
-0.281147
-0.269852
-0.316959
-0.278045
-0.290733
-0.259761
-0.298668
-0.277268
-0.245230
-0.299451
-0.283389
-0.273811
-0.277131
-0.266922
-0.295960
-0.293484
-0.273855
-0.237396
-0.259583
-0.290176
-0.264386
-0.292938
-0.301118
-0.285482
-0.263550
-0.237006
-0.296462
-0.332449
-0.275489
-0.310058
-0.269935
-0.294200
-0.249868
-0.329990
-0.275251
-0.280227
-0.285237
-0.278068
-0.281666
-0.310460
-0.237772
-0.252344
-0.261836
-0.299695
-0.293865
-0.303663
-0.280469
-0.282070
-0.297117
-0.332388
-0.290043
-0.282264
-0.274865
-0.324893
-0.242842
-0.319838
-0.280266
-0.299309
-0.238291
-0.282629
-0.296886
-0.284862
-0.272119
-0.279513
-0.299515
-0.288976
-0.251158
-0.253140
-0.283755
-0.304577
-0.346264
-0.288593
-0.270495
-0.311419
-0.249965
-0.255923
-0.285101
-0.259791
-0.261848
-0.326632
-0.328274
-0.270435
-0.275714
-0.342709
-0.292706
-0.266888
-0.301109
-0.290766
-0.281727
-0.262503
-0.296141
-0.325038
-0.268384
-0.285939
-0.308509
-0.263975
-0.319665
-0.231287
-0.324140
-0.306953
-0.301768
-0.320534
-0.268809
-0.272356
-0.279126
-0.275193
-0.303032
-0.296211
-0.268754
-0.287903
-0.291038
-0.300398
-0.293715
-0.286899
-0.325578
-0.312033
-0.263240
-0.331083
-0.257744
-0.282003
-0.287098
-0.301876
-0.260196
-0.266843
-0.298426
-0.269492
-0.305355
-0.326640
-0.305861
-0.254044
-0.276828
-0.318625
-0.252077
-0.267944
-0.291798
-0.260388
-0.272810
-0.298495
-0.270559
-0.285355
-0.286812
-0.297867
-0.241019
-0.267168
-0.283311
-0.258192
-0.253939
-0.292818
-0.262855
-0.259899
-0.347080
-0.254206
-0.318698
-0.293200
-0.276550
-0.289677
-0.228074
-0.327492
-0.295169
-0.325184
-0.288846
-0.308347
-0.286036
-0.281794
-0.274743
-0.283938
-0.259618
-0.297705
-0.311697
-0.298684
-0.270838
-0.341065
-0.271093
-0.294971
-0.302563
-0.281678
-0.258579
-0.288375
-0.271007
-0.291268
-0.275387
-0.249346
-0.286857
-0.286270
-0.268290
-0.274361
-0.243256
-0.291293
-0.264736
-0.275156
-0.353763
-0.268393
-0.328048
-0.260475
-0.282629
-0.283115
-0.284754
-0.265664
-0.309252
-0.296535
-0.252272
-0.301409
-0.281700
-0.258245
-0.296238
-0.316360
-0.239286
-0.331043
-0.270689
-0.291443
-0.291489
-0.262149
-0.263368
-0.254571
-0.302877
-0.296984
-0.340070
-0.300133
-0.274281
-0.264502
-0.305244
-0.311721
-0.249162
-0.298960
-0.294617
-0.319134
-0.261528
-0.277985
-0.295353
-0.283763
-0.302263
-0.287277
-0.295005
-0.265451
-0.287173
-0.290875
-0.306481
-0.287458
-0.265658
-0.268129
-0.293640
-0.274867
-0.304098
-0.240680
-0.316164
-0.297055
-0.297150
-0.232397
-0.338050
-0.282665
-0.246509
-0.271348
-0.279218
-0.272679
-0.307653
-0.282538
-0.286026
-0.297847
-0.256947
-0.276516
-0.291626
-0.283649
-0.278081
-0.244989
-0.230689
-0.267636
-0.285004
-0.319144
-0.270996
-0.308939
-0.287297
-0.288202
-0.299096
-0.281047
-0.281554
-0.258005
-0.310364
-0.239303
-0.280904
-0.262549
-0.276855
-0.237816
-0.253859
-0.266309
-0.278668
-0.301634
-0.242790
-0.252937
-0.306759
-0.308766
-0.284906
-0.262048
-0.307131
-0.262505
-0.279854
-0.245920
-0.259553
-0.277663
-0.299009
-0.286723
-0.334408
-0.256988
-0.312986
-0.313088
-0.246372
-0.327441
-0.278904
-0.267524
-0.226475
-0.245790
-0.290092
-0.282212
-0.257673
-0.254111
-0.235777
-0.282116
-0.293287
-0.266586
-0.282511
-0.296841
-0.306442
-0.296306
-0.278311
-0.309900
-0.282421
-0.287338
-0.299350
-0.266639
-0.307562
-0.287375
-0.304802
-0.264370
-0.316625
-0.294881
-0.266933
-0.271444
-0.317360
-0.275628
-0.287624
-0.300185
-0.295592
-0.284643
-0.256723
-0.278498
-0.275056
-0.272088
-0.330443
-0.241378
-0.273344
-0.275646
-0.291957
-0.295261
-0.240379
-0.321629
-0.268171
-0.273840
-0.324762
-0.319495
-0.316639
-0.280360
-0.288723
-0.300324
-0.300853
-0.241328
-0.282286
-0.304172
-0.302824
-0.293884
-0.242551
-0.268393
-0.281577
-0.296285
-0.304649
-0.291181
-0.306491
-0.291296
-0.252744
-0.283268
-0.250823
-0.281918
-0.277558
-0.235153
-0.284845
-0.265724
-0.227029
-0.243265
-0.301545
-0.300182
-0.271528
-0.291175
-0.253442
-0.271127
-0.271288
-0.293920
-0.278622
-0.261266
-0.251123
-0.281401
-0.282746
-0.289095
-0.279598
-0.231809
-0.292715
-0.275763
-0.273124
-0.261422
-0.259123
-0.268514
-0.256245
-0.287776
-0.287784
-0.271487
-0.224636
-0.289793
-0.265866
-0.260268
-0.278886
-0.245005
-0.287345
-0.241912
-0.258728
-0.239596
-0.287066
-0.288349
-0.305375
-0.310574
-0.262358
-0.282290
-0.277195
-0.266846
-0.300848
-0.289968
-0.283115
-0.288212
-0.259183
-0.294156
-0.254818
-0.261174
-0.296071
-0.255186
-0.244242
-0.285214
-0.337399
-0.286315
-0.294386
-0.269535
-0.311056
-0.304704
-0.276507
-0.265046
-0.237696
-0.262666
-0.281811
-0.270353
-0.309774
-0.316567
-0.267956
-0.252748
-0.277968
-0.253043
-0.310844
-0.272918
-0.295245
-0.294016
-0.244925
-0.289838
-0.278034
-0.289210
-0.273900
-0.271041
-0.327779
-0.249416
-0.255090
-0.279121
-0.291580
-0.293583
-0.280478
-0.279858
-0.281465
-0.289792
-0.273487
-0.288618
-0.251689
-0.267508
-0.255581
-0.262823
-0.271001
-0.299013
-0.293725
-0.318269
-0.286512
-0.321468
-0.306635
-0.271212
-0.296298
-0.288258
-0.268244
-0.289994
-0.259798
-0.277340
-0.253661
-0.285393
-0.290564
-0.268977
-0.287499
-0.290440
-0.257369
-0.275133
-0.270801
-0.281009
-0.263951
-0.236474
-0.283819
-0.299073
-0.260865
-0.299580
-0.256699
-0.266895
-0.259880
-0.261294
-0.325266
-0.288974
-0.298178
-0.301384
-0.276237
-0.271447
-0.256177
-0.299157
-0.277853
-0.304233
-0.302009
-0.292946
-0.278149
-0.308502
-0.280324
-0.289333
-0.258514
-0.321184
-0.266669
-0.285299
-0.321829
-0.294001
-0.309973
-0.288565
-0.257334
-0.290386
-0.298429
-0.268115
-0.290971
-0.291476
-0.314843
-0.308390
-0.343304
-0.294997
-0.322128
-0.314288
-0.277772
-0.289320
-0.276447
-0.298514
-0.335862
-0.334604
-0.277167
-0.338358
-0.290471
-0.312874
-0.319511
-0.287435
-0.287420
-0.314226
-0.286609
-0.285600
-0.266800
-0.272167
-0.280738
-0.257340
-0.311057
-0.336423
-0.259183
-0.276256
-0.262874
-0.273450
-0.304518
-0.317760
-0.254043
-0.306307
-0.276544
-0.266429
-0.307201
-0.285489
-0.303817
-0.319141
-0.317193
-0.270472
-0.327466
-0.219565
-0.299791
-0.329243
-0.293556
-0.298574
-0.287773
-0.281573
-0.253832
-0.288469
-0.294414
-0.298019
-0.291931
-0.297107
-0.296088
-0.300936
-0.272235
-0.270534
-0.307606
-0.265111
-0.262411
-0.275336
-0.315155
-0.322597
-0.292137
-0.267742
-0.301082
-0.282074
-0.246308
-0.257237
-0.234708
-0.294138
-0.330547
-0.262607
-0.297358
-0.314520
-0.314347
-0.314046
-0.281895
-0.296510
-0.291691
-0.279727
-0.312849
-0.218726
-0.299774
-0.286821
-0.274784
-0.288694
-0.317582
-0.276842
-0.272995
-0.276553
-0.281037
-0.278419
-0.305369
-0.312142
-0.275523
-0.303790
-0.262276
-0.272154
-0.330164
-0.269053
-0.284318
-0.320883
-0.303221
-0.285773
-0.273134
-0.294623
-0.283739
-0.316866
-0.318435
-0.256866
-0.308341
-0.337433
-0.361320
-0.283166
-0.287046
-0.283692
-0.245063
-0.286233
-0.287011
-0.317537
-0.277306
-0.349713
-0.299737
-0.276006
-0.261309
-0.297807
-0.280664
-0.269677
-0.303028
-0.294546
-0.272076
-0.248909
-0.300440
-0.313510
-0.263209
-0.269805
-0.282874
-0.275156
-0.262749
-0.300947
-0.309563
-0.314158
-0.253673
-0.256910
-0.271726
-0.329348
-0.296407
-0.289575
-0.268174
-0.302826
-0.281864
-0.268444
-0.262617
-0.264844
-0.274919
-0.235161
-0.293632
-0.280364
-0.292323
-0.251614
-0.254845
-0.261137
-0.306788
-0.270937
-0.333912
-0.307153
-0.298750
-0.357157
-0.307028
-0.296804
-0.268880
-0.293396
-0.247263
-0.300134
-0.315312
-0.299884
-0.307845
-0.274767
-0.272667
-0.300712
-0.305213
-0.288122
-0.265605
-0.305082
-0.280791
-0.286403
-0.287241
-0.279665
-0.291034
-0.284083
-0.293800
-0.290949
-0.262884
-0.313128
-0.305290
-0.306022
-0.322551
-0.298745
-0.287057
-0.261511
-0.307825
-0.238940
-0.290332
-0.251570
-0.296997
-0.292812
-0.295528
-0.312884
-0.267729
-0.253134
-0.291749
-0.289114
-0.283434
-0.303644
-0.281204
-0.285027
-0.285767
-0.292780
-0.299023
-0.294809
-0.314460
-0.335735
-0.285314
-0.265723
-0.312005
-0.284398
-0.290715
-0.315479
-0.256994
-0.222422
-0.288964
-0.335363
-0.293806
-0.318743
-0.277541
-0.269309
-0.265909
-0.273166
-0.280803
-0.275599
-0.281438
-0.279343
-0.287885
-0.257773
-0.274937
-0.280332
-0.306348
-0.319354
-0.289482
-0.293711
-0.302212
-0.259008
-0.295886
-0.304403
-0.294774
-0.332850
-0.267473
-0.319061
-0.228418
-0.270273
-0.271890
-0.264797
-0.297606
-0.272378
-0.291634
-0.263788
-0.302152
-0.296008
-0.272824
-0.259671
-0.273599
-0.285865
-0.243464
-0.299144
-0.297580
-0.323849
-0.265111
-0.296161
-0.318284
-0.247437
-0.236896
-0.296606
-0.334519
-0.257595
-0.273156
-0.283370
-0.320000
-0.329993
-0.258943
-0.314877
-0.231395
-0.289948
-0.228274
-0.227118
-0.262509
-0.324228
-0.246477
-0.284748
-0.274618
-0.281193
-0.257781
-0.269707
-0.238390
-0.271611
-0.236121
-0.289471
-0.273188
-0.269491
-0.285570
-0.225030
-0.270192
-0.255446
-0.257921
-0.233300
-0.209354
-0.271407
-0.231045
-0.295872
-0.227742
-0.247989
-0.244037
-0.302464
-0.223509
-0.268924
-0.227848
-0.302065
-0.290903
-0.259882
-0.255931
-0.216194
-0.297999
-0.256353
-0.250124
-0.218079
-0.284235
-0.267017
-0.248525
-0.274812
-0.220378
-0.283211
-0.248133
-0.250970
-0.234814
-0.235594
-0.263117
-0.287832
-0.194484
-0.248750
-0.271949
-0.237330
-0.278709
-0.254264
-0.257014
-0.277091
-0.248495
-0.247335
-0.279620
-0.283993
-0.269358
-0.252551
-0.240489
-0.272413
-0.200301
-0.287727
-0.252433
-0.283492
-0.290431
-0.225395
-0.234922
-0.232086
-0.253986
-0.258668
-0.256538
-0.240633
-0.274124
-0.207583
-0.259469
-0.228804
-0.286051
-0.246642
-0.255683
-0.266321
-0.234149
-0.240932
-0.321107
-0.323992
-0.245326
-0.250540
-0.224483
-0.283263
-0.247280
-0.269617
-0.232138
-0.227800
-0.226963
-0.259837
-0.266146
-0.210692
-0.291196
-0.251248
-0.238541
-0.245243
-0.237271
-0.295651
-0.304789
-0.240248
-0.256918
-0.272734
-0.208484
-0.255997
-0.224246
-0.272458
-0.273561
-0.306657
-0.206474
-0.258367
-0.243755
-0.237902
-0.225700
-0.263161
-0.248348
-0.282511
-0.278667
-0.243784
-0.255585
-0.288707
-0.226551
-0.246409
-0.294248
-0.283484
-0.258176
-0.265757
-0.280101
-0.222050
-0.283333
-0.237300
-0.262007
-0.241378
-0.260370
-0.281642
-0.240906
-0.263341
-0.214682
-0.271491
-0.241932
-0.266622
-0.240650
-0.276456
-0.253491
-0.275944
-0.286277
-0.267703
-0.266188
-0.238196
-0.239443
-0.239738
-0.241055
-0.241924
-0.217397
-0.251741
-0.269354
-0.237559
-0.244478
-0.280279
-0.301628
-0.267108
-0.261152
-0.276150
-0.232519
-0.231590
-0.262122
-0.268958
-0.251259
-0.290363
-0.241863
-0.278286
-0.244704
-0.266277
-0.261613
-0.282514
-0.298187
-0.262245
-0.258063
-0.276578
-0.245244
-0.278122
-0.296647
-0.259086
-0.247411
-0.263191
-0.225460
-0.257363
-0.281387
-0.223849
-0.244635
-0.275925
-0.259439
-0.240895
-0.280196
-0.219357
-0.286050
-0.237592
-0.279811
-0.237794
-0.204206
-0.254184
-0.256247
-0.231229
-0.278381
-0.246239
-0.236143
-0.226449
-0.268033
-0.247498
-0.276105
-0.255515
-0.255825
-0.302792
-0.215411
-0.250851
-0.223880
-0.253318
-0.275855
-0.244061
-0.260228
-0.297072
-0.230690
-0.250806
-0.254683
-0.237919
-0.303198
-0.234995
-0.290763
-0.223986
-0.227288
-0.303838
-0.246124
-0.300466
-0.248835
-0.303285
-0.262608
-0.248920
-0.283190
-0.234588
-0.258426
-0.250160
-0.246141
-0.279540
-0.259906
-0.244707
-0.274635
-0.260111
-0.249222
-0.231566
-0.316524
-0.268618
-0.281315
-0.224708
-0.252663
-0.225188
-0.259882
-0.235374
-0.254059
-0.233737
-0.205062
-0.273204
-0.287593
-0.271667
-0.232761
-0.274838
-0.294336
-0.231854
-0.274153
-0.248985
-0.266692
-0.249072
-0.274187
-0.284395
-0.222354
-0.282648
-0.254123
-0.243597
-0.263732
-0.331002
-0.246033
-0.260430
-0.219193
-0.293261
-0.243639
-0.277880
-0.309779
-0.317384
-0.298236
-0.313658
-0.299579
-0.294395
-0.315365
-0.280809
-0.311168
-0.304038
-0.320618
-0.315872
-0.321624
-0.310838
-0.282580
-0.283789
-0.349873
-0.309513
-0.283474
-0.296884
-0.288346
-0.275071
-0.359288
-0.301691
-0.316329
-0.321360
-0.318667
-0.328796
-0.317278
-0.299720
-0.314254
-0.284548
-0.312683
-0.263695
-0.309145
-0.355022
-0.323202
-0.301155
-0.354702
-0.297208
-0.284512
-0.341186
-0.334703
-0.315736
-0.255906
-0.366688
-0.329401
-0.285935
-0.354191
-0.304509
-0.319488
-0.282766
-0.261831
-0.337410
-0.274986
-0.295456
-0.352236
-0.295913
-0.290424
-0.347621
-0.275780
-0.287016
-0.343389
-0.297733
-0.309163
-0.364674
-0.319949
-0.292743
-0.330695
-0.329978
-0.292165
-0.329386
-0.273683
-0.295902
-0.240566
-0.291533
-0.295307
-0.325888
-0.296044
-0.276916
-0.323107
-0.322945
-0.311820
-0.320394
-0.325008
-0.303799
-0.337209
-0.352303
-0.310433
-0.283623
-0.293892
-0.297173
-0.297104
-0.346177
-0.355197
-0.285943
-0.274531
-0.322782
-0.325637
-0.299725
-0.294605
-0.343537
-0.289908
-0.286776
-0.318462
-0.294534
-0.326553
-0.290657
-0.345848
-0.286651
-0.306554
-0.290485
-0.317795
-0.324380
-0.325393
-0.302046
-0.322336
-0.251031
-0.310692
-0.275005
-0.328955
-0.290304
-0.287302
-0.265855
-0.344229
-0.278923
-0.328215
-0.303381
-0.311563
-0.290295
-0.307506
-0.267202
-0.284215
-0.283184
-0.290008
-0.313474
-0.277010
-0.284033
-0.315574
-0.268282
-0.280027
-0.298717
-0.283698
-0.311762
-0.278440
-0.300231
-0.298699
-0.285822
-0.294022
-0.284146
-0.312826
-0.320274
-0.306598
-0.260670
-0.297851
-0.257092
-0.350089
-0.272851
-0.318310
-0.330685
-0.295301
-0.286768
-0.358717
-0.313247
-0.325838
-0.297493
-0.341045
-0.300078
-0.309374
-0.341454
-0.294341
-0.299743
-0.280146
-0.343565
-0.277176
-0.313613
-0.335797
-0.330825
-0.287533
-0.327456
-0.346498
-0.319746
-0.285701
-0.306054
-0.300979
-0.294591
-0.304449
-0.293932
-0.318594
-0.318044
-0.323654
-0.320467
-0.318309
-0.268503
-0.308006
-0.308848
-0.252517
-0.312534
-0.320268
-0.305632
-0.290490
-0.344228
-0.343757
-0.323298
-0.255070
-0.294635
-0.289212
-0.309607
-0.332749
-0.301305
-0.283811
-0.303613
-0.303504
-0.294586
-0.281996
-0.293671
-0.309616
-0.317223
-0.306411
-0.314467
-0.322019
-0.312730
-0.352824
-0.313265
-0.332021
-0.294736
-0.284956
-0.299204
-0.327977
-0.283693
-0.322205
-0.275458
-0.312066
-0.356537
-0.270480
-0.322168
-0.348962
-0.314475
-0.353253
-0.298736
-0.309117
-0.331657
-0.271733
-0.310944
-0.313435
-0.299839
-0.294268
-0.272331
-0.305412
-0.303674
-0.333396
-0.323980
-0.340176
-0.323535
-0.331440
-0.317716
-0.302532
-0.285062
-0.324463
-0.273535
-0.325210
-0.290816
-0.297436
-0.323557
-0.280031
-0.328463
-0.291954
-0.276876
-0.339207
-0.297216
-0.285288
-0.309694
-0.365069
-0.319954
-0.342421
-0.291316
-0.302683
-0.284085
-0.286021
-0.322184
-0.301704
-0.335455
-0.278238
-0.276657
-0.311268
-0.319708
-0.328278
-0.296563
-0.321437
-0.299797
-0.328566
-0.304144
-0.284797
-0.229944
-0.307738
-0.326064
-0.302567
-0.270574
-0.290089
-0.314007
-0.308562
-0.282332
-0.318983
-0.296067
-0.297940
-0.276096
-0.272969
-0.299778
-0.311759
-0.280292
-0.248289
-0.277775
-0.315389
-0.289597
-0.286338
-0.282595
-0.258176
-0.275160
-0.265498
-0.327398
-0.259774
-0.316066
-0.297987
-0.242546
-0.292071
-0.250011
-0.291530
-0.288358
-0.264785
-0.255974
-0.299082
-0.264284
-0.298101
-0.290901
-0.293707
-0.308639
-0.255437
-0.257036
-0.292952
-0.289283
-0.302533
-0.218785
-0.283421
-0.316656
-0.307515
-0.304006
-0.300240
-0.304372
-0.317674
-0.263820
-0.299200
-0.279467
-0.252581
-0.327328
-0.372699
-0.271119
-0.304619
-0.317734
-0.260435
-0.316174
-0.325105
-0.264088
-0.277217
-0.295632
-0.265155
-0.256748
-0.271167
-0.291254
-0.272617
-0.302842
-0.285534
-0.311536
-0.276086
-0.292347
-0.317618
-0.294850
-0.290644
-0.277544
-0.300536
-0.295798
-0.283449
-0.252753
-0.260376
-0.281935
-0.274458
-0.284181
-0.313958
-0.261501
-0.259739
-0.299829
-0.276948
-0.303034
-0.292983
-0.291646
-0.302145
-0.304066
-0.264994
-0.258972
-0.284502
-0.287336
-0.347133
-0.300510
-0.343413
-0.240980
-0.315933
-0.236036
-0.327761
-0.284241
-0.280987
-0.276881
-0.260896
-0.303764
-0.322294
-0.307633
-0.303238
-0.342742
-0.217888
-0.329692
-0.279635
-0.293160
-0.274187
-0.283486
-0.291947
-0.248261
-0.271777
-0.333296
-0.257737
-0.267059
-0.285798
-0.265134
-0.295406
-0.281201
-0.300860
-0.307549
-0.276011
-0.260910
-0.291603
-0.316958
-0.265171
-0.276972
-0.308357
-0.313006
-0.291373
-0.282946
-0.287059
-0.276946
-0.281546
-0.268785
-0.275920
-0.284754
-0.296163
-0.299898
-0.333102
-0.322266
-0.275231
-0.290259
-0.279426
-0.269439
-0.263732
-0.289110
-0.286005
-0.291994
-0.341686
-0.307280
-0.293365
-0.287856
-0.292737
-0.262982
-0.298765
-0.290698
-0.290631
-0.298346
-0.329647
-0.297725
-0.266031
-0.309199
-0.314222
-0.290679
-0.271238
-0.277114
-0.247745
-0.301583
-0.294983
-0.290935
-0.241109
-0.295825
-0.318016
-0.297554
-0.335575
-0.288473
-0.230067
-0.277219
-0.275668
-0.290269
-0.255079
-0.301366
-0.288390
-0.314276
-0.296606
-0.321092
-0.320910
-0.286823
-0.321114
-0.283438
-0.326260
-0.282908
-0.284609
-0.301202
-0.314275
-0.277313
-0.283662
-0.297065
-0.317416
-0.310262
-0.322718
-0.302528
-0.241232
-0.283432
-0.287176
-0.317525
-0.239376
-0.312981
-0.257421
-0.297806
-0.288241
-0.270462
-0.255767
-0.271771
-0.267881
-0.299201
-0.272822
-0.323809
-0.262802
-0.280631
-0.255825
-0.297281
-0.249997
-0.270396
-0.303608
-0.329740
-0.298844
-0.272805
-0.243921
-0.294310
-0.301701
-0.327926
-0.307681
-0.279510
-0.263613
-0.286679
-0.309163
-0.300274
-0.273753
-0.267999
-0.245354
-0.300227
-0.261075
-0.293219
-0.298245
-0.255722
-0.295423
-0.306949
-0.280494
-0.250312
-0.347397
-0.263901
-0.283525
-0.277452
-0.328855
-0.323005
-0.301568
-0.302445
-0.280665
-0.281138
-0.298412
-0.308935
-0.288484
-0.272147
-0.276951
-0.259360
-0.287251
-0.290933
-0.311481
-0.274595
-0.269735
-0.266878
-0.289637
-0.296036
-0.325591
-0.313513
-0.316022
-0.311000
-0.332410
-0.286708
-0.288565
-0.313453
-0.266634
-0.259436
-0.312879
-0.318646
