10
300
0.188337
-0.136676
-0.073094
-0.340764
-0.148158
-0.269714
0.233245
0.283863
-0.256763
-0.128924
-0.192426
-0.228075
0.143057
-0.043085
-0.300674
-0.251029
-0.188959
-0.100556
0.136349
0.063975
0.166845
0.113589
-0.124345
-0.208838
-0.280246
0.215470
-0.134905
-0.101798
-0.102442
-0.161612
-0.070650
-0.408560
0.111203
0.175496
-0.327230
-0.265039
-0.302553
-0.141452
-0.268226
-0.136096
0.095881
-0.110334
-0.074253
-0.249196
0.324756
0.073129
-0.101201
-0.097351
-0.212794
-0.217817
0.201002
-0.204761
-0.237451
0.036972
0.034451
-0.183317
0.073708
-0.226158
-0.004451
-0.421421
-0.008411
-0.053769
-0.264918
-0.000786
-0.230379
0.094917
0.109559
0.163333
0.273137
0.363608
0.180585
-0.006388
-0.161835
-0.057443
-0.266843
-0.092898
-0.172048
-0.367060
0.160954
0.182505
-0.102873
0.254012
-0.275364
0.212080
0.113417
0.230859
-0.206369
-0.089316
0.317054
-0.232942
-0.080208
0.031882
0.045372
0.165000
-0.325668
0.239662
-0.255343
0.132820
-0.035271
-0.336772
0.096028
-0.100506
0.130702
-0.256239
-0.313046
-0.038224
0.068708
-0.129938
-0.051750
-0.126818
-0.218697
0.286346
-0.324951
-0.126392
0.234095
0.263238
-0.208977
0.157383
-0.333833
-0.184996
-0.265148
0.181561
0.234987
0.236404
0.093647
-0.295975
0.268876
0.187210
0.288946
-0.029782
-0.439394
0.206784
-0.151269
-0.118916
0.288468
-0.181243
0.067197
0.049012
0.300716
-0.259086
0.322978
-0.023903
-0.343050
-0.167342
-0.069444
-0.343596
-0.040695
0.022525
-0.253257
0.161724
-0.139484
0.095916
0.104651
-0.237654
0.022622
-0.031406
-0.293334
0.092809
-0.150830
-0.142001
-0.121780
0.170402
-0.332048
-0.011844
-0.185591
-0.212421
-0.346891
0.252276
-0.283707
-0.102051
-0.004114
-0.381742
0.218458
0.238756
0.144666
-0.013931
-0.301913
-0.224869
-0.045961
-0.096759
0.134145
0.069238
-0.261350
0.105115
-0.368010
0.197814
-0.145816
-0.045318
-0.105840
0.160946
0.166551
0.144145
0.188018
0.346512
-0.054194
-0.167389
-0.098149
0.178287
-0.137001
-0.029637
0.315681
-0.279180
0.015763
0.036335
-0.352573
-0.266899
-0.084905
-0.242851
-0.117846
0.174769
0.130371
-0.146354
-0.002062
0.073466
-0.215891
0.124669
-0.164906
0.157247
-0.212725
-0.302769
0.073227
0.205171
0.333451
-0.014680
-0.413137
-0.151853
-0.234505
-0.053844
-0.405021
0.177222
-0.388316
-0.271260
0.276301
0.173950
0.297488
0.148499
-0.222703
-0.067609
0.238249
0.094546
0.008485
0.321948
-0.237392
-0.101445
0.051189
-0.058309
-0.304385
-0.111107
-0.112882
-0.069923
0.020593
-0.139415
-0.013301
0.137917
-0.228052
0.337990
-0.197078
-0.176309
0.001088
0.003311
-0.136139
0.246999
0.117228
-0.336698
0.117511
0.267920
-0.248509
-0.136855
0.023084
-0.035026
0.258636
-0.307721
-0.189208
-0.308956
0.017941
-0.284691
0.049400
0.115142
0.146815
-0.218369
-0.292189
-0.061027
0.043301
-0.516377
-0.141690
-0.066114
-0.222385
-0.033992
-0.156108
0.154123
-0.005643
0.040956
0.268472
-0.245669
0.097548
0.035376
-0.257468
-0.250808
-0.007662
-0.034684
-0.102952
0.111660
0.157199
0.349613
0.198908
-0.015014
0.172850
0.110995
-0.245416
0.168254
-0.210428
-0.041167
-0.256477
-0.011830
0.047722
0.176255
0.041668
0.188096
-0.067425
0.313100
0.134784
-0.133792
-0.123970
0.021808
-0.144876
-0.111192
-0.240087
0.058766
-0.023342
-0.204154
-0.205579
0.283171
0.099142
0.036160
-0.071612
0.221870
0.219491
-0.051025
0.114654
-0.165656
0.034248
0.228092
0.250887
0.119125
-0.059692
0.223753
0.157453
-0.421262
0.281667
0.072519
0.267219
0.070691
0.090019
-0.043012
-0.074805
-0.166834
0.324824
-0.041203
0.258217
-0.253851
-0.068438
-0.090360
-0.308279
-0.000884
-0.208550
0.050777
0.118554
-0.294496
-0.140370
-0.079182
-0.022999
0.310758
0.038425
0.129056
0.245408
-0.150542
0.246323
0.139708
-0.067383
-0.004249
-0.338194
-0.090268
0.012889
-0.336578
0.139145
0.127332
-0.005052
0.146128
-0.086166
-0.160257
-0.245881
-0.405391
-0.094816
-0.359354
0.148874
0.052258
-0.267464
0.045981
0.125244
0.043836
-0.226627
-0.084060
0.133550
0.135436
-0.110808
0.196268
0.262597
-0.276993
0.008050
-0.135045
-0.199205
0.297809
0.116755
-0.094608
-0.227961
-0.112233
0.080055
0.079901
-0.083370
0.184847
-0.072368
-0.167116
-0.293240
0.106242
-0.090716
-0.334040
0.351425
0.006511
-0.222157
0.107304
0.003190
0.148094
-0.023711
-0.045815
-0.203046
0.278075
-0.424841
-0.252844
-0.084579
0.245439
-0.035093
-0.239628
0.079565
-0.108230
0.128346
-0.447168
-0.236907
-0.095960
0.326146
0.352697
-0.015030
-0.001300
-0.203964
0.137562
-0.240814
0.123005
0.208808
-0.484541
0.196760
-0.027894
0.309038
-0.072886
-0.152957
-0.092502
0.294867
0.079530
0.022779
-0.476515
-0.305511
0.197825
0.360229
0.148796
-0.120903
0.189095
-0.101454
-0.023380
-0.126009
0.066567
-0.385170
-0.162400
0.102563
0.191505
0.216732
0.252736
0.081900
0.174938
-0.346813
-0.181830
-0.385123
0.194904
-0.186325
-0.216475
0.066319
-0.154758
0.197323
0.054317
-0.135513
-0.135244
0.357547
-0.096680
-0.065561
-0.446328
0.032822
0.207539
-0.123092
0.317579
-0.221660
-0.167426
-0.298049
-0.124163
0.039085
0.190168
-0.096698
0.057330
0.193629
0.318670
-0.005368
0.075783
-0.109699
0.128567
0.335675
0.120398
-0.328831
0.402038
-0.211053
0.204238
0.061753
0.120084
-0.086689
0.102254
-0.107934
0.139074
0.089341
0.216863
0.017496
0.427495
-0.333843
-0.310761
0.008814
-0.359493
0.077324
-0.058060
-0.273846
0.392856
-0.150102
0.177149
0.223509
0.120328
0.163330
-0.040478
0.223871
-0.259727
-0.169652
-0.092964
0.106834
0.274562
0.090616
-0.031884
-0.065088
-0.336778
-0.255860
-0.323141
-0.228935
-0.086216
0.288250
-0.281976
-0.071378
-0.247514
-0.427487
0.194739
-0.213217
0.028298
-0.009592
-0.092871
-0.291922
-0.064126
0.030734
-0.203042
-0.011942
-0.000757
0.315117
-0.264145
-0.036661
-0.095803
-0.447629
-0.204911
-0.451141
0.019280
-0.436659
-0.154374
-0.501906
0.032945
-0.314377
-0.151355
0.075912
-0.166654
-0.191844
-0.413672
-0.091486
0.063156
-0.251572
-0.383777
-0.035130
0.096047
0.128418
0.023655
-0.012140
-0.271028
0.360523
-0.225609
-0.014417
-0.209766
0.060856
-0.493176
0.071503
0.197143
0.079626
-0.145254
0.333512
0.216818
-0.043761
0.076522
-0.127622
-0.013006
-0.259202
-0.027261
-0.253606
-0.102266
0.007178
0.082706
-0.232559
-0.270306
0.256986
0.160002
-0.105386
-0.051392
0.009164
0.380399
0.244355
0.153701
-0.088528
0.031885
0.314213
-0.106451
0.184908
0.316393
-0.241805
0.086683
-0.367875
-0.211163
0.164195
0.226038
-0.092521
0.368819
-0.141466
0.089830
0.040121
0.096585
-0.122975
-0.131791
-0.089950
-0.010478
0.075719
0.003733
-0.092316
-0.379391
-0.456046
-0.176981
-0.511992
-0.397834
-0.516826
0.158021
0.092048
0.156180
-0.407132
-0.052233
-0.495590
0.168590
-0.211376
-0.176057
-0.240716
0.300210
-0.330679
0.018207
0.249752
0.100375
-0.057976
-0.088275
-0.046048
-0.182129
-0.185559
-0.251117
0.119376
0.355402
0.161776
-0.179572
-0.465197
0.351874
-0.079347
-0.002802
0.268660
0.041648
-0.278715
0.290289
0.128844
0.009981
0.063244
0.311162
0.004541
-0.382694
-0.222056
0.119045
-0.007937
-0.102447
0.022629
0.278033
-0.133969
-0.516598
0.218853
-0.405153
-0.260630
0.450207
-0.250963
-0.364069
0.125820
0.224297
-0.086163
-0.235496
0.524004
0.264064
0.146180
0.191930
0.153472
-0.341553
0.332489
0.058742
-0.297137
0.044410
-0.027132
-0.017773
0.267629
0.327021
-0.125900
0.051937
0.105551
-0.273218
0.189942
-0.229100
-0.193021
0.032009
-0.175401
0.193793
-0.347342
0.141515
-0.434287
-0.248595
-0.035567
-0.054695
0.025062
-0.015459
0.244970
-0.003850
0.156590
-0.029689
0.246824
0.321387
-0.146500
0.378126
0.294110
0.208482
-0.005196
-0.000563
0.213290
-0.294960
0.027033
-0.087128
-0.050953
-0.099870
0.094226
0.124344
-0.380647
-0.235830
0.253353
-0.044471
-0.244465
-0.467857
-0.248839
-0.189596
0.347471
-0.367918
0.220352
0.155588
0.020851
0.244422
-0.076031
0.299070
0.376709
0.104619
0.008457
0.197877
-0.043787
-0.085769
-0.084389
-0.011847
-0.059444
-0.442551
-0.098472
-0.230887
0.248993
-0.268869
0.235562
-0.055488
-0.136873
0.173198
0.214853
0.464609
-0.257992
-0.404669
-0.141880
-0.202331
-0.236531
-0.036276
-0.314648
-0.387658
-0.316391
0.060613
-0.029195
-0.281689
0.023396
-0.040350
0.420508
-0.477435
0.183317
-0.215219
0.329107
-0.098657
0.286136
-0.190937
-0.041045
0.215907
-0.006569
0.034648
0.309613
-0.041299
0.186281
0.256319
0.090741
0.522775
-0.284955
0.150281
-0.310064
0.009057
-0.278578
-0.116611
0.008357
-0.041328
-0.227711
-0.160887
0.303855
0.017731
0.124628
-0.362731
0.143440
0.107140
0.039260
0.246920
-0.200411
-0.034528
-0.119305
0.209596
-0.180635
0.231735
0.115218
-0.208878
-0.222025
0.005443
-0.279858
-0.481499
0.077357
-0.169441
-0.371035
0.182477
0.126857
-0.191658
-0.100961
0.002391
0.309938
-0.029870
-0.458006
0.370548
-0.218853
0.142174
-0.431655
-0.392694
0.049645
-0.163738
0.156224
-0.197092
-0.171101
-0.341964
-0.106273
-0.166990
-0.257514
-0.496747
0.154173
0.210367
0.148937
0.249262
-0.472603
-0.067708
-0.117204
-0.322049
-0.135465
-0.058014
-0.055293
0.217258
-0.242578
0.131279
-0.076569
-0.233698
-0.029123
0.128420
-0.255176
0.089972
0.107769
-0.441584
-0.322106
0.268858
-0.104038
0.077707
-0.442460
0.350498
-0.248313
0.043013
-0.174820
-0.406934
0.052877
-0.248074
0.168974
-0.158978
0.270955
0.158359
0.110056
-0.047616
-0.206949
0.009743
-0.095386
-0.351126
0.694444
0.243168
-0.249939
-0.178891
0.042872
-0.023625
-0.456893
-0.136912
0.524658
0.088369
-0.209944
-0.166018
-0.088113
-0.139309
-0.043686
0.198098
-0.526394
0.376190
0.047149
-0.191282
-0.346898
0.065959
-0.529995
0.509163
-0.018023
-0.007306
-0.451048
-0.151866
0.453511
0.272591
-0.113034
-0.316600
0.054101
-0.296254
0.037550
-0.136164
0.227428
0.315321
0.133763
0.318494
-0.118686
-0.287421
-0.121083
0.188502
0.147516
-0.452694
0.088947
0.075778
-0.687116
-0.159280
-0.014996
0.048054
-0.256712
-0.007208
-0.080696
0.168983
-0.182039
0.286361
0.124076
-0.440178
0.116402
-0.148984
-0.087010
-0.063543
0.095428
-0.338277
0.233922
0.009229
0.494662
0.069191
-0.118103
0.140806
0.267121
-0.325873
-0.057231
0.299659
-0.245671
-0.204065
0.187254
-0.056968
0.181762
-0.084893
0.303003
-0.102560
0.131104
-0.222467
-0.312043
-0.308335
0.086779
0.190206
-0.135504
-0.267401
-0.332808
-0.422236
0.183416
-0.575591
-0.456925
0.044419
0.046133
-0.258168
0.301217
-0.003852
0.331701
0.078669
0.056441
-0.056453
0.156770
-0.253058
-0.310997
0.175913
0.137155
0.288200
-0.274745
0.127163
-0.201748
-0.239649
-0.173677
0.133660
0.076909
0.186030
0.079862
-0.253089
-0.157929
0.300240
-0.235145
-0.120322
-0.227834
0.002539
-0.155019
-0.220499
-0.386283
-0.253397
-0.127264
0.408026
-0.443573
-0.082315
0.065961
0.518622
-0.065857
0.059740
0.161845
-0.220851
-0.000327
-0.183619
-0.254859
-0.187784
0.122267
-0.006109
0.277372
-0.242257
0.015330
0.288004
-0.035303
-0.374617
0.164605
-0.321411
0.135425
-0.268609
0.075127
-0.219825
-0.319000
0.134853
0.162814
0.200972
0.257580
0.041030
-0.399267
-0.092618
-0.096479
0.113358
-0.040495
0.041064
0.381616
0.084536
0.073388
-0.043607
-0.000014
-0.002328
0.102600
0.146026
-0.354341
-0.101616
0.155053
0.266472
0.157503
0.042297
0.264673
0.118064
0.013737
0.002257
0.026680
0.250415
0.041644
-0.312108
0.280505
0.032970
-0.066393
-0.381378
-0.143337
-0.118648
-0.444926
0.177411
-0.240012
-0.318284
-0.211061
-0.203071
0.056811
-0.186092
0.254357
-0.027077
-0.318825
-0.308619
-0.291661
0.028282
0.203161
0.329636
-0.123091
0.091416
-0.250000
0.088625
-0.019097
-0.091924
-0.274798
-0.046719
0.044303
-0.155578
0.168390
0.061539
-0.436116
-0.194537
-0.165860
-0.145507
-0.312214
-0.225848
-0.029346
0.040513
0.035312
-0.296076
0.392686
0.167033
0.044347
-0.404810
0.027103
-0.293185
0.150147
-0.037765
-0.278794
-0.365405
0.051659
-0.265550
-0.008421
-0.281752
0.352978
-0.005017
0.005007
-0.007119
0.087243
0.083789
-0.151116
-0.430940
-0.288301
0.130914
0.047916
-0.055158
-0.195662
-0.375459
-0.115630
-0.352755
0.222642
-0.209767
0.059030
0.091293
-0.083892
0.069218
0.231218
0.019747
-0.189555
0.260796
0.174133
-0.117630
-0.018700
-0.063467
0.006146
-0.001756
-0.325405
-0.065436
-0.052683
0.305234
-0.123285
0.166117
-0.561991
-0.001511
0.029912
0.133864
-0.458424
-0.332055
-0.122630
-0.003752
-0.212319
-0.227293
0.528225
-0.358712
0.187904
0.250362
0.166001
0.231083
-0.115488
0.036844
0.395655
-0.034057
-0.063903
0.022706
-0.316948
-0.172593
-0.091650
-0.156003
0.429523
0.230793
-0.187750
-0.134980
0.184916
0.099523
0.177465
-0.011640
-0.013137
0.235472
0.252239
0.101744
-0.179292
-0.199170
0.353236
0.153653
-0.131226
-0.370167
0.192199
-0.271621
0.186340
-0.216420
0.194574
0.277095
0.223316
0.045426
0.074829
0.176086
0.309584
-0.200936
-0.168283
0.314082
0.226403
0.250967
-0.251150
0.260079
-0.020554
-0.251544
0.061231
0.263729
-0.196306
-0.118913
0.272100
-0.198868
0.007615
0.228084
0.265150
0.328744
-0.354777
-0.128386
-0.415537
-0.338978
0.139963
0.298997
-0.111510
0.003902
0.020089
-0.353914
0.062638
0.137308
-0.101198
-0.124161
0.081642
-0.291249
-0.193955
-0.122369
-0.385093
0.155459
0.036667
0.288703
-0.202298
-0.131632
-0.120481
-0.498634
-0.036782
-0.279276
-0.345858
-0.152591
-0.438349
-0.415829
-0.381023
0.036516
0.014401
0.282407
-0.017929
0.208325
0.251765
-0.125788
-0.429157
-0.181188
-0.198968
-0.216006
0.202449
-0.252532
0.264389
-0.182197
-0.052690
-0.331493
0.257782
-0.114428
0.239892
-0.464645
-0.021314
-0.222642
-0.162244
-0.399774
-0.150740
-0.164207
-0.124522
-0.224313
-0.079644
0.056396
0.169366
0.376668
-0.020010
-0.000204
-0.045392
-0.154366
-0.543005
0.111000
0.232645
-0.336688
0.102510
0.207708
-0.320904
-0.297644
0.234432
-0.376366
-0.172609
-0.356390
-0.052647
-0.213164
-0.264017
0.193784
0.081654
-0.357895
-0.195170
-0.377715
-0.050916
0.072665
-0.246836
0.215997
-0.070554
-0.188466
0.318991
-0.370871
-0.227456
0.235218
-0.093339
-0.281330
0.125664
0.016876
-0.321521
0.025089
0.068857
0.234012
0.165556
0.009772
0.248173
-0.189776
0.030159
-0.135280
0.250026
0.220217
-0.018332
-0.057389
-0.440936
0.096328
-0.171944
-0.241923
-0.121931
-0.284264
0.181235
-0.380351
-0.110874
-0.039393
-0.168953
0.039983
-0.107013
0.392282
0.225895
-0.058937
0.221425
-0.177821
0.273859
-0.105663
-0.323420
0.216547
-0.319440
-0.436805
-0.175676
0.051220
-0.169351
-0.071289
0.060857
0.291931
0.158089
0.091622
-0.080790
-0.105691
-0.117225
-0.230544
0.148012
-0.333744
-0.088702
-0.029739
-0.037720
0.356649
-0.345954
-0.452498
-0.391297
-0.242285
0.243345
0.178756
-0.061906
0.094594
-0.070134
-0.073597
0.139223
-0.079708
0.098255
-0.227466
-0.143977
-0.406066
0.145682
0.276265
-0.238013
0.074564
0.046213
0.019741
-0.273833
-0.462130
-0.186515
-0.259749
-0.148720
0.021300
0.040812
0.466243
0.067065
0.413464
-0.498819
0.100861
0.378009
0.366028
0.250223
0.147052
0.198038
-0.274988
-0.300611
0.203651
0.017101
0.198255
-0.242224
0.176688
-0.205844
0.328768
0.345618
0.057292
-0.114550
0.506798
-0.200639
-0.095375
-0.169099
-0.035788
0.305277
0.049892
-0.172128
0.076404
-0.167981
0.224681
-0.079487
0.055072
-0.097724
0.126177
0.117291
-0.176199
-0.324510
0.056868
-0.148036
-0.086919
-0.240209
-0.387070
-0.062548
-0.150785
-0.440778
0.246263
0.328362
-0.059714
-0.248932
0.050204
0.368220
0.020666
-0.282220
-0.146165
0.413488
-0.521700
-0.066841
-0.202389
0.112002
-0.335010
-0.301319
-0.164588
0.423403
-0.040472
0.122793
-0.192298
0.423345
-0.511462
0.027882
0.129291
0.345598
-0.261391
0.275450
-0.088045
-0.101448
-0.654206
-0.227674
0.033202
-0.123252
-0.059041
-0.201887
-0.254203
0.350417
0.180556
-0.409455
-0.220901
0.002517
0.495315
0.069613
-0.016987
0.344573
0.082493
0.308285
0.029873
-0.041548
0.536514
-0.120017
0.055712
-0.294154
-0.030288
-0.281216
-0.100720
0.137736
-0.360764
0.204233
-0.439098
-0.241181
-0.115212
0.132569
0.151995
0.144775
-0.170824
0.573630
0.224183
0.220566
-0.114911
0.219247
0.092958
-0.344183
-0.045114
-0.080940
-0.049463
-0.295670
-0.159611
-0.029743
0.025701
-0.058952
0.344109
-0.192425
0.195758
-0.502553
0.058736
-0.283753
0.412287
0.145766
0.255868
-0.267984
-0.437153
0.270383
0.700292
0.340575
0.161334
-0.174689
0.144057
-0.147536
-0.645694
-0.468449
0.069667
0.000270
-0.015275
-0.088153
-0.356316
-0.351216
0.050277
-0.090777
0.175721
-0.169878
0.347415
0.408394
-0.014350
0.095945
0.042289
-0.084975
0.289013
-0.171770
-0.364312
0.061630
-0.095007
-0.393553
0.260608
-0.032581
-0.206503
-0.116517
0.156360
0.384366
0.331262
0.247950
-0.533469
0.205951
0.233247
0.179548
0.268133
0.065993
-0.343764
0.124129
0.010991
0.249063
-0.172640
-0.209092
0.148445
0.176405
-0.264556
0.489055
-0.345078
0.476092
-0.292676
-0.026577
0.196488
0.026871
0.306747
0.131180
-0.371977
-0.285863
-0.283427
-0.311093
-0.164525
-0.269417
-0.160374
-0.015174
0.362954
0.557286
-0.209143
0.232725
0.356915
-0.251014
-0.132716
0.028886
-0.078148
0.089394
0.398375
0.456178
0.076642
-0.103664
0.239448
-0.015431
-0.012817
-0.137953
-0.369416
-0.109845
0.322168
-0.195698
0.379709
-0.286898
0.103521
0.544222
-0.189711
0.374942
-0.514538
-0.077551
-0.031632
-0.200900
-0.118828
-0.016271
-0.307406
-0.185802
-0.148950
0.217484
0.065324
-0.106946
-0.098632
-0.160800
-0.336111
-0.094538
-0.028365
-0.101382
-0.144560
0.243514
0.040284
0.150615
-0.010558
-0.051955
-0.279317
-0.161911
0.158128
-0.173229
0.100563
-0.260329
-0.289407
0.138515
-0.027819
0.086428
0.007342
0.256619
-0.134439
-0.183493
0.011925
0.161512
0.243714
0.181542
0.151195
0.110533
0.279458
-0.164340
0.148967
0.010964
-0.014704
-0.321918
0.128087
-0.086947
0.710869
0.231166
0.666787
0.162758
0.210522
-0.087258
0.147809
0.212562
0.154333
-0.379976
0.243393
-0.141031
0.247175
0.091823
-0.185705
-0.085052
-0.271213
-0.299637
-0.216816
-0.202690
-0.259988
-0.412357
0.057322
0.302181
-0.261177
0.086366
-0.164111
-0.189566
0.119313
0.234369
-0.074650
0.331416
0.161681
-0.139612
0.008166
-0.073879
0.182124
0.040485
-0.149166
0.040829
0.202739
-0.070205
-0.050856
-0.412577
0.047494
0.198967
-0.010449
0.075960
-0.253838
0.034009
-0.357498
-0.202417
-0.349525
0.296311
-0.304214
0.079923
-0.094352
-0.026139
0.189772
0.151329
-0.361040
-0.212735
-0.038981
-0.239331
0.087706
-0.171768
0.269810
0.046986
0.278285
-0.275542
0.103351
-0.248594
0.286051
0.247976
-0.369510
-0.086513
0.325980
0.178115
-0.072895
-0.304521
0.232407
0.236755
0.087441
0.114120
0.039408
0.365208
0.105685
-0.083889
0.195792
-0.131074
0.261158
0.154965
0.058136
0.066941
-0.246917
-0.097599
-0.204978
-0.351704
-0.342870
-0.161106
-0.166777
-0.479033
0.091838
-0.008823
-0.369443
0.120386
-0.308096
-0.194796
0.127758
0.253513
-0.083941
0.106613
-0.070762
-0.415003
0.207792
-0.108424
0.238114
-0.002156
0.248174
-0.333759
-0.203363
0.266980
0.296899
-0.024687
0.196933
-0.281773
0.024289
-0.319857
-0.114350
0.051878
0.015183
-0.360726
-0.181360
-0.098265
0.019274
-0.329898
-0.176502
0.171370
0.177809
-0.211303
-0.080787
-0.117685
0.170742
0.042498
0.018338
0.079848
0.141359
0.228660
-0.260115
-0.068996
0.301288
-0.187752
0.127889
0.310106
-0.313672
-0.118140
-0.118639
0.189453
0.168749
0.051079
0.174666
0.044168
0.307806
0.311639
-0.300864
0.030926
-0.089598
-0.077237
0.012253
-0.281411
0.059519
-0.013958
0.083469
0.196717
-0.433155
0.128788
-0.060086
0.069051
-0.108109
0.188099
0.042710
-0.042188
-0.152846
-0.024369
-0.042979
0.075373
0.041668
-0.259669
0.075405
0.175079
-0.250250
-0.037542
-0.100654
-0.458351
-0.149130
0.169827
0.009470
-0.202315
0.027636
-0.002490
-0.130660
0.003609
-0.255259
-0.334098
-0.042576
-0.136484
-0.324714
0.124683
-0.290530
0.121171
0.230207
0.231844
-0.029947
-0.129761
-0.124279
-0.318040
-0.220303
0.033208
0.009733
0.240601
-0.055302
-0.102841
-0.142072
-0.156996
0.120003
-0.226770
-0.076057
-0.040516
-0.147183
-0.212638
-0.479687
-0.058225
0.175222
-0.084362
-0.308721
-0.292095
0.056166
-0.190473
-0.239695
-0.311273
-0.199532
-0.344178
-0.467132
0.181956
-0.192513
-0.039452
-0.562752
0.029009
-0.379947
-0.394965
-0.047885
0.198058
0.199540
-0.172406
-0.231033
0.182845
-0.075814
0.048754
-0.288881
0.000615
-0.355753
-0.050488
-0.218058
0.220970
0.146917
0.093715
-0.320471
0.034979
-0.368223
-0.164686
0.051746
0.014896
0.030408
0.266179
-0.262856
-0.150967
-0.008825
0.163818
-0.320268
-0.011784
0.166340
0.038630
0.189272
0.187838
0.264489
-0.275570
-0.031216
-0.191025
0.197535
0.087987
0.117191
-0.380713
-0.225912
-0.112838
-0.214431
-0.155601
-0.359243
-0.184207
0.182903
-0.021776
0.249957
0.128470
0.323111
-0.098956
0.190239
-0.105442
0.097791
-0.009258
-0.315328
0.319943
-0.042733
0.384643
0.219335
-0.147739
0.276984
0.338045
0.159200
0.164509
-0.056305
0.235812
0.193503
-0.245872
0.235327
-0.283746
0.021244
-0.163040
-0.077934
0.369181
0.078774
0.241665
0.042285
0.227240
-0.130500
0.033313
-0.061641
-0.067088
-0.235701
-0.060355
-0.359646
-0.250341
-0.077417
0.021295
-0.127666
-0.207956
-0.256843
-0.125683
-0.017625
0.112108
-0.223467
0.164107
0.029011
-0.199798
-0.144777
0.056997
-0.071087
0.570181
0.170982
-0.344076
-0.400762
0.219582
0.090589
0.342801
0.008812
0.041671
0.078033
0.315027
0.258701
0.032119
0.079553
0.266666
-0.348327
0.387619
0.123682
-0.247139
-0.188773
0.258167
-0.343662
0.333946
0.058158
-0.198786
-0.059294
-0.183409
0.104349
0.246828
0.536832
-0.257741
0.553480
-0.249352
-0.326669
0.041327
0.119221
0.216500
-0.234759
-0.115697
-0.075839
0.151045
-0.055021
0.236660
-0.036023
0.199031
0.230893
-0.109384
0.333847
-0.074994
-0.174432
-0.199616
-0.118149
-0.215341
-0.419411
-0.087023
0.143468
0.196918
0.176583
0.009021
-0.154594
0.009758
0.222724
0.066226
0.028606
-0.002028
0.440085
-0.326249
-0.008410
-0.289756
0.323583
0.168459
0.342414
-0.202636
0.209444
0.189067
-0.105860
0.085062
0.004632
-0.142913
0.062263
0.186787
-0.014749
-0.274266
0.127479
0.097784
-0.102741
0.222443
-0.176633
0.346181
-0.464904
-0.169791
-0.087876
-0.092546
0.150461
0.326954
-0.031575
0.318710
-0.099215
-0.181786
-0.210271
-0.065143
-0.334043
0.154985
0.129201
0.219273
-0.320373
-0.273119
0.208908
0.056943
0.050690
0.071704
-0.208585
-0.010576
0.120567
-0.202030
-0.268143
-0.289429
-0.534048
0.092894
0.203073
-0.247578
0.217507
0.039635
-0.232872
-0.042059
0.006757
-0.113339
0.152730
-0.299116
0.109957
0.232556
-0.124442
0.354070
0.084688
0.062321
0.231671
0.130823
-0.416902
0.163649
-0.063321
0.112848
0.094542
0.127686
-0.168410
-0.156790
-0.356730
-0.164720
-0.077749
-0.457626
-0.350446
0.020732
0.057765
0.335882
-0.157139
0.031384
-0.036221
-0.332324
-0.106715
-0.185964
-0.164660
0.419579
-0.053468
-0.374940
-0.262504
0.160023
0.137467
0.167766
0.066178
0.335336
-0.369177
-0.314088
0.239104
-0.043242
-0.093587
-0.398686
-0.177920
-0.383939
0.072763
0.151703
-0.081965
0.176437
0.054311
-0.251897
0.279197
0.119810
0.193646
-0.014429
-0.139910
-0.221244
0.052385
0.121848
-0.322126
-0.285230
0.169953
-0.278225
-0.236211
0.100354
-0.170884
0.291088
0.351969
-0.218839
-0.239879
-0.091492
0.355372
-0.144605
0.071165
-0.152478
0.114151
0.147730
-0.224794
-0.476954
-0.328664
-0.063650
-0.010774
0.260465
0.213946
-0.011121
-0.217141
0.304732
0.073389
-0.267157
-0.050863
0.280309
-0.134918
-0.188795
-0.297513
0.090987
-0.489944
-0.174672
-0.004209
0.125173
0.006159
0.180751
-0.277147
0.152738
-0.344106
-0.326732
0.183941
0.036197
-0.149322
-0.362233
-0.290666
0.074098
0.065576
-0.032805
0.062058
-0.168366
-0.216890
-0.248749
-0.259995
0.041281
0.007773
0.038540
0.001933
-0.415130
-0.364967
-0.056321
-0.007228
-0.211072
-0.346526
-0.103386
-0.320973
0.114182
-0.073660
-0.148962
0.098194
0.003705
-0.159249
-0.200011
-0.124450
-0.381587
-0.188362
-0.146592
0.083561
-0.302677
-0.333420
-0.224274
-0.015532
-0.261054
0.000277
0.101144
-0.328002
-0.158931
0.278556
0.214095
-0.099255
0.110022
0.206155
-0.174674
-0.107428
-0.447647
0.010460
-0.083342
0.155566
-0.229900
-0.104455
-0.023724
-0.304324
0.002940
-0.054450
-0.615354
0.071699
0.263871
0.061362
-0.047993
-0.226333
-0.549564
0.144536
-0.415394
-0.044083
-0.025120
-0.474122
0.253023
-0.231931
0.258615
0.114561
-0.225195
-0.393476
0.107677
0.065766
-0.014445
0.286066
-0.235136
-0.267063
0.116115
0.038734
-0.142935
-0.113971
-0.426834
0.076821
0.046599
-0.173071
0.237508
0.167563
-0.251344
-0.148561
-0.153683
-0.101341
-0.059092
-0.361812
-0.310290
-0.074040
-0.124400
-0.529536
-0.010859
-0.106794
-0.417647
-0.287215
0.379460
-0.372806
-0.504355
-0.274467
0.180342
-0.106970
-0.010472
-0.012832
-0.433991
0.107047
-0.337009
-0.380351
0.236394
-0.510456
-0.012771
0.039052
0.466456
-0.409822
-0.465684
-0.397253
-0.485545
-0.075629
0.063341
-0.062273
0.133512
-0.345558
0.082759
-0.195880
0.180573
-0.187942
0.112210
0.198878
-0.452785
0.083668
-0.324741
-0.198975
-0.079457
0.059588
-0.227600
0.156008
0.393990
0.026373
-0.304567
0.323434
0.278739
0.424611
0.018889
-0.315534
-0.346962
0.533941
-0.201999
-0.085944
0.055209
-0.389646
-0.171041
0.126766
-0.054243
-0.136662
-0.279703
0.009116
-0.252000
-0.208563
-0.143071
0.313780
-0.248898
-0.114486
-0.293233
0.151721
-0.083156
0.385366
0.284034
-0.030130
0.059186
-0.266235
0.171038
0.057154
-0.392200
0.262623
0.076172
-0.285426
-0.014340
-0.069545
-0.360696
-0.078576
-0.134911
-0.135330
-0.456569
-0.415371
-0.179732
0.079139
0.280857
0.106107
-0.451227
0.063199
0.031373
-0.117003
-0.344373
-0.137891
0.052969
0.378522
-0.631162
-0.020998
-0.004025
0.332083
-0.011088
-0.035110
0.109606
0.060210
-0.193998
0.400677
-0.112189
-0.057713
-0.411560
-0.146176
0.264153
0.133204
-0.377158
-0.071649
-0.381743
-0.290821
-0.087849
-0.228401
-0.099437
-0.118110
0.222294
-0.130540
-0.398374
-0.511495
0.310134
0.179951
-0.206743
-0.247121
-0.014365
0.280509
-0.253950
-0.336780
0.010765
-0.466585
-0.359335
-0.583398
-0.000072
-0.218340
-0.169964
-0.505501
0.218175
-0.115922
-0.409223
-0.209980
-0.365368
0.059320
0.014485
-0.037735
-0.491243
0.075266
-0.381217
-0.525337
-0.259723
0.057825
-0.131713
0.291896
0.007491
0.070696
-0.485936
-0.111856
0.068335
-0.214026
-0.075384
-0.399120
-0.068822
-0.160549
-0.060272
-0.086257
-0.189015
0.114929
0.106797
0.417544
-0.044217
-0.229641
-0.142805
0.469769
0.098672
0.219402
-0.007217
0.091878
0.320634
0.215741
0.112694
0.260884
0.079863
-0.154839
0.293405
-0.048179
-0.268484
-0.329843
0.011500
0.135626
-0.255312
-0.587138
-0.243541
-0.300982
0.028556
0.261533
0.153035
0.168859
-0.405161
0.431633
0.254911
0.056561
0.110214
-0.135709
0.171117
0.035671
-0.456695
0.153634
0.101332
-0.258654
0.043563
0.203129
0.218513
0.031728
-0.444710
-0.241542
-0.298230
-0.197156
-0.354609
0.097876
-0.447734
0.204710
0.216600
-0.018823
0.325298
-0.069164
0.022714
0.099737
-0.215774
0.137953
-0.048688
-0.159183
-0.164478
0.070473
0.135429
-0.426255
-0.081073
0.265264
-0.330800
-0.171098
0.308099
0.084026
-0.088278
-0.247617
0.028210
0.008089
-0.424747
-0.089252
-0.250572
0.023092
-0.057331
-0.222483
-0.372544
-0.060758
0.237476
-0.147777
-0.305964
0.004585
-0.339613
0.028781
-0.569117
-0.328124
0.507191
0.095932
0.486167
0.072863
0.154083
0.003501
0.014598
0.212036
-0.215053
0.071841
0.303650
0.113379
0.175615
-0.454450
-0.388078
-0.572323
0.055197
-0.154740
-0.035276
-0.096322
0.057430
-0.474311
0.165643
0.243938
0.066722
-0.332130
-0.220038
-0.403158
0.057274
-0.363125
-0.260386
0.106251
0.156161
-0.269193
-0.093510
0.184918
0.253159
-0.353650
0.153332
-0.382183
0.028931
-0.072726
0.083212
0.079428
0.134121
-0.611629
0.116868
0.124702
-0.292702
-0.041739
-0.270159
-0.115507
0.244980
-0.321121
-0.574689
-0.067869
-0.030152
-0.440699
-0.056314
-0.221436
0.305175
0.058751
-0.298612
0.134876
-0.634495
-0.004294
-0.124091
-0.087324
0.010582
-0.309448
-0.107584
-0.051130
0.192526
-0.538802
-0.057796
0.081999
-0.049517
-0.303805
-0.235195
0.211064
-0.558367
0.040854
-0.283647
0.200210
0.218482
-0.181871
-0.119323
-0.196378
0.181600
0.199321
-0.106833
0.127877
0.326872
0.094079
0.114248
-0.338681
-0.120841
-0.294649
0.097903
0.074250
-0.116662
0.537718
-0.412949
-0.168645
-0.362548
0.195794
-0.200391
0.005671
0.081769
0.201148
0.038423
-0.041934
-0.188802
0.206412
0.130423
-0.298853
-0.193917
-0.343635
-0.147517
-0.178089
-0.309342
0.308755
-0.243646
-0.496867
0.066760
0.278258
-0.004510
0.177697
-0.159029
-0.273516
0.189108
0.278635
-0.416616
0.246426
-0.054791
-0.113509
0.222218
-0.083940
-0.176798
0.070925
-0.149580
0.486633
-0.313592
-0.069340
0.237648
0.347285
0.226903
-0.420440
0.231883
-0.097215
-0.088231
-0.169303
-0.417634
0.285094
-0.237403
-0.261392
0.118767
0.208329
0.182371
-0.134697
0.393424
-0.003925
-0.068864
-0.144888
-0.109216
0.350741
0.364720
-0.119758
0.105935
-0.016226
0.063693
0.120061
-0.215940
-0.471991
-0.006516
-0.330453
0.316141
0.142831
-0.064629
-0.325176
0.181708
0.114372
0.077450
-0.551985
0.288127
0.201659
-0.299141
-0.633291
0.070507
0.546535
0.120800
-0.150591
0.022903
0.063419
0.009544
-0.294313
-0.061146
-0.077176
0.054735
-0.194419
-0.217586
-0.129302
-0.458547
-0.341048
-0.193306
0.286720
-0.009808
0.059242
-0.132545
-0.265736
0.076358
0.430856
-0.432300
-0.066931
-0.436040
0.232876
0.039028
-0.235836
-0.084275
-0.125440
-0.226194
-0.485224
-0.126226
-0.261683
-0.146103
-0.305324
-0.153629
-0.130546
0.099817
0.152177
-0.067735
0.369031
-0.113220
-0.018971
-0.106308
-0.319381
