10
300
0.036497
-0.028732
-0.031591
-0.022616
0.001200
0.039525
0.018672
0.006349
-0.062173
0.023134
-0.027694
-0.004249
0.053317
-0.001529
-0.031448
0.041126
0.056098
0.013075
-0.049946
-0.028725
-0.029011
0.005448
-0.032981
0.020831
-0.059258
-0.002519
-0.058996
0.006820
0.035551
0.020572
0.024831
0.024041
0.016370
0.039515
0.020756
-0.054989
-0.011201
0.012267
0.024877
0.002557
-0.030152
-0.039163
0.021780
0.029329
-0.009576
0.020537
0.044756
-0.043061
0.015908
0.003396
0.006779
-0.055240
0.039192
-0.014880
0.034392
0.029003
0.049845
0.003361
-0.040607
0.041272
-0.043392
0.010599
-0.000620
0.045147
0.002325
0.043824
0.008345
0.032082
-0.055670
-0.001083
-0.045794
-0.053421
-0.010286
0.047921
0.020063
0.003905
0.007865
-0.023818
0.044052
0.052706
0.010500
0.049974
0.046417
0.020075
-0.009251
0.046664
-0.049504
-0.025057
0.029846
0.020624
0.043720
-0.042102
-0.018410
0.053093
0.007936
0.023328
-0.009769
-0.049976
-0.064334
0.029487
-0.022259
-0.039809
0.020577
0.006520
0.007474
0.000068
-0.052423
0.038789
-0.015416
0.015166
0.020540
-0.052313
-0.002585
0.020336
0.000444
0.052467
-0.035878
-0.003635
0.043261
-0.038382
0.031085
-0.000424
-0.024993
-0.007091
-0.036501
-0.011907
0.000181
0.017810
-0.002151
0.016124
-0.021431
0.011790
0.031835
0.017503
-0.052822
-0.024317
0.038208
-0.047529
-0.052706
-0.029975
-0.005083
-0.012300
-0.014244
-0.054624
-0.013928
0.036773
0.020573
-0.037124
-0.050574
-0.040227
-0.012501
-0.070609
0.020166
-0.032978
-0.045346
0.008237
0.016272
0.005070
0.051804
0.048367
-0.020974
0.047501
-0.012202
-0.067569
0.006040
0.005289
0.051891
-0.015314
-0.012265
0.022684
0.008345
-0.003778
-0.043218
0.000260
-0.008756
-0.036882
-0.016991
0.030606
-0.015589
-0.009662
0.029418
0.029513
0.053843
-0.038468
0.021148
0.035610
-0.019194
-0.050071
0.008194
-0.008428
0.028407
-0.001210
-0.027242
0.036429
0.018112
-0.018869
-0.038899
-0.013885
0.021748
-0.057979
0.012638
-0.040095
0.020228
0.034753
-0.009609
0.031479
0.037819
0.005929
-0.002492
0.044493
0.024036
0.034830
0.025690
0.009772
0.041799
0.038125
-0.045359
-0.017781
0.023312
0.031325
-0.004508
-0.031489
-0.006020
-0.025067
0.037333
0.028963
0.059034
0.025618
0.020467
-0.020832
0.031075
-0.023484
-0.036330
-0.013077
-0.001063
0.010907
0.007970
-0.033744
-0.058619
-0.050405
-0.039597
0.025517
0.035473
-0.009425
0.031609
-0.030443
-0.053004
-0.065844
0.011716
0.038994
-0.013100
0.011073
0.036537
0.023114
-0.023219
0.023672
-0.064659
0.038958
-0.003349
-0.021959
0.043160
0.044869
-0.026283
-0.053581
0.055013
-0.060560
0.025417
0.020665
-0.028210
0.037689
-0.024481
0.033898
-0.040168
0.030190
-0.028931
0.052978
-0.058669
-0.003739
0.051211
0.029326
0.060118
-0.028945
-0.052195
0.046272
0.030741
0.038023
-0.031009
-0.005308
0.023212
0.006141
0.028315
0.005360
-0.018595
0.037878
0.001429
-0.044952
0.047420
0.032730
0.026957
0.012194
-0.049215
-0.051812
0.007392
-0.030465
0.045286
0.004265
0.000233
0.024058
-0.036796
-0.017954
0.039010
-0.069449
-0.008549
0.039220
0.014176
0.041823
0.029038
0.051203
0.029719
0.049472
-0.048663
0.004103
-0.021164
-0.039350
-0.002748
-0.018968
-0.023219
0.032645
0.034280
0.038310
-0.044419
0.025121
0.023639
-0.008596
-0.010173
-0.048964
0.056845
-0.057382
-0.026492
0.012765
-0.020124
-0.040429
-0.018010
0.003003
-0.042875
0.036270
0.049289
0.029901
-0.035950
0.034051
0.029891
-0.044233
-0.017865
0.036795
-0.035847
-0.030877
0.020291
-0.023709
0.041784
-0.008551
-0.048046
0.055234
0.052009
-0.038258
0.040985
-0.040312
-0.039428
0.024122
-0.059229
-0.009978
-0.007795
0.039924
0.013138
0.017566
0.003475
0.030677
0.041946
-0.046455
-0.067124
-0.047916
0.060571
-0.003868
0.039302
0.031760
0.032397
0.038052
0.028006
-0.032563
0.057979
0.035786
-0.003511
0.035120
-0.023651
-0.039312
0.051575
-0.024265
-0.001419
0.054448
0.000085
-0.056288
0.040711
-0.011176
-0.062116
-0.005949
-0.039662
-0.041467
0.029362
0.010825
-0.034345
-0.016250
0.016636
0.041522
0.032501
-0.023830
0.020913
-0.032260
0.053725
0.022892
0.003602
0.027685
-0.029574
-0.051729
-0.005160
0.047178
0.022009
-0.051120
0.016820
-0.036465
0.018895
-0.040894
0.019894
0.009677
0.015359
-0.015423
0.027739
-0.000686
0.025537
0.019729
-0.059505
0.011362
-0.051770
-0.013909
-0.006795
-0.014805
-0.009831
-0.052224
0.018016
-0.051151
-0.004914
-0.045299
0.007795
0.015438
0.043952
0.008952
-0.051924
0.028398
0.016539
0.052229
-0.000420
-0.041480
-0.034623
-0.045227
0.008878
0.016950
0.019249
-0.032553
0.049027
-0.051465
-0.011699
0.010014
0.018909
-0.018283
0.055641
0.009278
0.032384
-0.050563
0.019138
-0.035083
-0.039534
0.043962
-0.014832
-0.012304
-0.053421
0.036397
-0.055032
-0.039088
-0.028394
0.034706
-0.059881
0.006912
0.028556
-0.024755
-0.005215
0.050646
-0.019150
0.058605
0.057532
-0.024762
0.020328
0.001205
0.045811
-0.016833
-0.026426
0.024522
0.033598
0.028381
0.010869
-0.040434
0.041156
-0.008181
0.038760
0.041588
0.041144
-0.054948
0.027101
-0.014869
0.024870
-0.062571
0.042605
0.029439
-0.026685
0.032268
0.011887
0.043511
-0.019891
0.059089
0.004845
-0.014384
0.023039
-0.039522
-0.011551
-0.008713
-0.065189
-0.019326
-0.046621
0.022187
-0.037442
-0.034641
0.023930
0.049990
-0.004562
-0.020005
0.027936
0.042168
-0.050352
-0.022982
0.009525
0.048293
0.043251
-0.021276
0.027914
-0.043918
0.033558
-0.021409
0.013227
-0.020216
-0.044903
0.029461
-0.042333
0.043298
-0.065859
-0.007136
0.005863
0.015129
0.006543
-0.034617
-0.031689
0.052403
-0.027606
0.011309
0.040237
0.027505
-0.052922
-0.020759
0.023385
0.029279
-0.009368
-0.053630
-0.008031
-0.050501
0.028138
0.057952
-0.049742
-0.048346
-0.056422
0.010124
-0.051741
-0.040352
-0.005728
-0.032927
0.000931
-0.043645
0.012693
-0.053766
0.035035
-0.029042
0.008049
-0.040080
0.045455
0.045591
0.041642
-0.009402
0.004642
0.025040
0.035300
0.041541
-0.008521
-0.018168
-0.042156
0.031039
0.016969
-0.000505
-0.001322
0.047919
-0.029006
-0.045744
0.021014
-0.005458
-0.017053
0.019161
0.010307
0.018484
0.015867
0.023814
-0.018358
0.017314
0.021222
0.030501
0.006828
0.023733
0.039491
-0.038586
-0.029478
-0.037181
-0.015102
0.020437
0.024043
0.030258
-0.015435
0.016374
-0.068691
-0.029415
-0.060577
-0.011554
-0.028235
-0.006344
0.006247
-0.019241
0.016208
0.030172
-0.046129
0.043863
-0.039743
-0.004627
0.032563
-0.019043
0.003517
0.016928
-0.053110
0.024357
0.040732
0.016616
0.015196
-0.022333
0.012554
0.044881
0.030240
-0.046009
-0.034021
0.034190
0.011035
-0.042750
-0.063721
-0.028925
-0.010177
-0.025561
-0.048197
-0.037380
0.021857
0.034154
-0.024276
-0.000922
-0.032937
-0.026069
0.024934
-0.043182
-0.020976
-0.049682
-0.034017
-0.036589
0.040033
-0.022371
0.024788
-0.021135
-0.039960
0.032087
-0.049294
0.012033
0.024184
-0.054361
-0.023781
-0.011749
-0.011178
-0.003883
-0.020321
0.036740
-0.028512
0.042181
0.000591
-0.018847
-0.044819
0.028472
0.031811
-0.022757
0.038411
-0.021643
-0.067939
-0.056484
-0.005448
0.049097
-0.032241
-0.043886
0.044471
-0.011281
-0.009879
0.013049
-0.022678
-0.013570
0.046787
0.043581
-0.047946
-0.028957
-0.055872
0.015028
-0.020362
-0.060435
-0.058574
0.053850
-0.022150
-0.051697
-0.021420
-0.001467
0.053889
-0.041183
-0.031826
-0.002328
-0.046474
-0.042501
-0.016991
-0.064274
0.006389
0.030931
-0.021962
0.010851
-0.035161
-0.017382
0.045324
-0.053138
-0.003394
0.013027
0.057574
0.026721
-0.008263
0.019145
0.029322
-0.000416
0.039466
-0.006386
0.009637
0.039000
0.007334
0.009863
0.024904
-0.051948
0.035808
0.053667
0.033849
-0.024761
-0.054454
-0.012812
-0.003960
-0.014848
0.054485
-0.010923
-0.011801
0.032696
0.011671
-0.006752
-0.035541
0.020685
0.046050
0.002826
0.031139
-0.030585
0.004714
-0.038344
-0.012009
0.039040
0.043352
0.010587
0.021225
-0.038724
-0.052716
-0.020463
-0.008090
0.000066
-0.046912
-0.056192
-0.058776
0.011724
0.062017
-0.023168
-0.049386
0.010262
-0.018370
0.009727
0.001024
0.021836
0.023843
-0.033134
0.002134
-0.014586
-0.002812
0.066460
-0.019242
-0.039519
-0.036380
0.039373
0.010775
0.027807
-0.054804
0.032220
0.005134
-0.030258
0.040256
0.033853
0.042465
0.039501
0.009767
0.019299
-0.020136
-0.020010
0.025897
-0.002750
0.013443
-0.025026
-0.017948
0.050425
-0.053280
0.025493
0.024129
-0.050432
0.039932
-0.010437
-0.031802
0.021023
-0.033944
-0.048392
0.025931
0.010065
-0.010057
0.034073
-0.020091
0.043391
0.034688
-0.028521
-0.005424
-0.008819
-0.050398
0.019949
0.014328
0.003092
-0.059314
-0.011097
0.026057
0.031124
-0.022477
0.043564
0.002070
-0.074008
-0.063133
-0.007051
-0.045246
-0.045446
0.003465
0.046990
0.050519
0.004881
-0.002190
-0.006728
-0.000625
0.057144
0.011627
-0.010217
0.010338
-0.015261
0.033680
-0.043845
-0.020002
-0.008851
0.036249
-0.056670
0.014643
0.031499
0.039765
0.006585
-0.025087
-0.008036
0.033792
0.000995
-0.021965
-0.050090
0.036863
-0.002164
0.046033
0.006936
0.040296
-0.016599
-0.052144
0.009757
-0.018248
-0.033667
-0.042985
-0.061823
0.028577
-0.008106
0.040621
-0.037303
0.037869
0.047133
-0.036728
-0.036223
0.023928
0.000236
0.043553
-0.013336
0.058904
-0.055248
0.020736
0.039094
0.035700
0.013287
0.042249
0.005497
-0.001764
-0.011798
0.046781
0.009461
0.055045
0.027301
-0.027736
0.028426
-0.050802
0.035002
0.047016
0.015213
0.001446
-0.021469
-0.000162
-0.035096
-0.006092
0.017184
-0.016607
-0.062520
-0.010946
-0.053522
-0.002199
0.031452
-0.017702
0.032838
-0.017977
0.051233
-0.019871
-0.005172
-0.015724
-0.043702
0.013572
-0.018900
0.018519
-0.020429
0.040896
-0.015180
-0.036799
-0.047924
-0.025450
0.014364
0.000613
-0.046442
0.022934
0.047361
-0.050247
-0.024934
-0.065240
-0.020697
0.062136
-0.030436
-0.010970
-0.034206
0.055892
0.013274
0.039570
-0.009045
0.005748
0.000312
-0.022970
0.018846
-0.038499
-0.064780
0.013378
0.006199
0.049548
0.002248
-0.042790
0.003013
-0.010132
-0.025173
-0.023432
-0.050890
-0.037185
-0.060270
0.030077
0.028838
0.052545
0.023104
-0.037284
0.038530
0.011629
-0.002648
0.009204
-0.030127
0.013082
-0.002956
0.014020
0.007729
-0.030709
0.045529
-0.024015
0.016618
0.011486
-0.063074
-0.035810
0.010328
0.006014
0.045833
-0.020028
0.037300
-0.045642
-0.042957
-0.019269
0.052225
-0.047132
-0.053147
-0.001049
0.024875
0.004199
-0.012743
-0.046151
0.057117
0.037762
0.024038
-0.036911
-0.039748
0.041782
0.004742
0.040437
-0.015035
-0.028490
-0.041544
0.005517
0.013733
-0.044443
0.003271
0.045283
0.010177
-0.016771
-0.032866
0.000850
-0.045284
0.048634
0.058519
-0.042860
0.026214
0.025173
-0.034407
-0.018676
0.027062
0.029254
0.017987
-0.022816
-0.027538
-0.052590
-0.050197
-0.009732
0.024151
-0.002469
-0.045479
-0.036421
0.016564
-0.031175
-0.020332
-0.065750
-0.028811
0.016358
0.031335
0.054716
0.057503
0.021230
0.034776
0.041853
0.005719
0.018727
-0.024357
-0.011121
0.044630
0.025737
-0.014924
0.029387
-0.000481
0.022611
-0.031663
-0.049847
0.013677
0.053857
0.008242
-0.009940
-0.016093
0.029869
-0.016985
0.018687
-0.040496
-0.023140
0.036833
-0.051815
-0.070894
0.017189
-0.017597
0.014201
-0.012359
-0.013629
-0.005404
0.020361
0.006557
0.050782
0.049418
0.020754
-0.040426
-0.047591
-0.037964
0.048202
0.039459
-0.039661
-0.000949
-0.026109
0.006455
-0.043564
0.022989
-0.056598
-0.012559
0.009662
0.040179
-0.024611
-0.037853
0.009627
-0.032272
-0.044938
0.051654
0.029118
0.024276
-0.063512
0.039443
0.002743
0.009032
-0.006838
-0.058455
-0.011079
-0.059425
-0.019690
-0.005739
-0.039577
-0.072762
0.041695
0.030743
0.001794
-0.071105
-0.018949
-0.008005
0.026045
-0.038182
0.053062
-0.023911
0.025891
-0.046128
0.003154
-0.066128
0.001429
-0.033906
-0.002661
-0.053152
0.030948
-0.002721
0.053771
-0.056934
0.020450
0.025138
-0.032154
-0.039164
-0.025116
-0.033346
-0.058674
0.048083
-0.015061
0.042924
0.005490
0.038088
0.005206
0.044389
-0.033487
-0.005691
-0.050210
0.053735
-0.013025
0.030128
-0.035755
0.018640
-0.003949
-0.020647
0.035217
0.025339
-0.013699
-0.062231
-0.025891
0.066130
-0.015627
0.033117
0.010818
-0.020316
0.016010
-0.026904
0.005605
0.012946
-0.012641
0.043111
-0.052125
0.040599
0.011647
0.011525
-0.031594
0.003308
-0.040803
0.031753
-0.021711
-0.045377
0.019317
-0.030527
0.006121
-0.005749
-0.013139
-0.021353
-0.017144
-0.020239
0.011590
-0.007396
-0.031806
0.007009
-0.043775
0.004361
0.039961
0.043976
0.051078
-0.003098
-0.022305
0.029528
0.038443
-0.018222
0.001896
-0.039653
-0.059521
-0.011003
-0.006245
0.035254
-0.012979
0.032223
0.046347
-0.001513
0.017496
-0.029483
0.009900
0.023845
0.005667
0.039361
-0.022010
-0.001358
-0.034306
-0.000422
-0.033222
-0.017059
0.057405
0.039812
0.060270
0.006938
0.031076
-0.046350
-0.041984
-0.021923
-0.014474
0.006552
0.009413
-0.053116
-0.000375
0.037533
0.056010
-0.025417
-0.038795
-0.019948
-0.000574
0.005743
-0.022456
-0.059959
-0.017494
0.052151
-0.061659
-0.011677
-0.037544
0.028681
-0.017807
-0.037231
0.063237
0.020277
0.026738
0.068587
-0.014120
-0.018733
0.020924
-0.005679
0.029015
0.024892
-0.001584
0.019352
-0.042226
-0.028979
0.013145
0.007553
-0.003729
-0.013175
0.027757
-0.049785
-0.021036
-0.059930
-0.035939
-0.001956
0.012910
0.046209
0.059281
0.018667
-0.022189
0.018898
-0.005006
-0.035957
0.011427
-0.061563
0.022907
0.058757
-0.025374
0.003409
-0.048002
0.028130
-0.023018
0.018151
0.013182
-0.054193
0.047498
0.033525
0.026420
0.034564
-0.029480
-0.038577
0.052056
-0.027537
-0.036573
0.001102
0.015922
0.032518
-0.045003
-0.013307
0.021185
-0.014368
-0.048786
-0.018929
-0.019411
0.027641
-0.034212
-0.031686
-0.008210
-0.011719
0.027241
0.008108
0.024735
-0.020735
0.048545
-0.054161
0.008522
-0.003122
0.055257
0.049005
-0.010327
0.053437
-0.029325
0.074892
-0.055464
-0.015881
-0.041594
0.033489
-0.011978
-0.044056
-0.019213
-0.007563
-0.021611
0.036633
0.024197
-0.018020
-0.012393
-0.011728
0.016788
0.028941
0.023048
-0.040267
0.020748
-0.064748
0.005190
0.030057
0.029183
0.012099
0.045459
0.028602
0.016239
-0.054925
0.036629
-0.016075
0.052971
0.007020
0.036457
0.040079
0.000282
0.038655
0.058337
-0.034750
-0.041067
0.045357
-0.033681
0.012017
-0.018417
-0.001219
0.051874
0.031581
-0.049929
-0.030404
0.050774
0.020142
0.047414
-0.008993
-0.079054
0.019512
-0.007278
0.045699
-0.023189
-0.045810
0.052168
0.023019
0.015752
0.029743
-0.005901
-0.033489
0.019478
-0.016236
0.039568
-0.051992
-0.007391
0.031481
-0.065816
-0.007292
-0.041030
0.049543
0.001362
-0.061631
-0.003267
-0.012784
-0.024517
-0.015141
0.034160
0.047428
-0.031228
0.032899
0.033334
0.026556
0.025411
0.052273
0.009123
0.004826
0.001749
0.063982
-0.051889
0.030773
-0.047939
-0.040261
-0.037717
0.010308
-0.022609
-0.011527
-0.027470
0.037517
0.008867
-0.008763
0.024063
0.035815
-0.039625
0.032868
-0.051024
-0.043509
-0.082838
0.069487
0.062208
-0.024206
-0.017025
-0.002059
0.013676
0.034923
0.016918
-0.012018
-0.030684
-0.062868
-0.059973
-0.026719
0.033191
-0.061835
0.048838
-0.000882
0.036780
-0.041142
-0.001648
-0.028397
0.027309
0.035163
0.044270
-0.038951
-0.016162
0.015357
0.051014
-0.025523
0.040943
-0.000177
-0.026500
0.018583
-0.017503
-0.021555
-0.013926
-0.023046
0.050763
0.017766
0.008387
-0.046380
-0.032496
0.023601
0.046550
0.022242
0.001016
0.039031
0.033417
0.043123
0.028921
-0.040104
0.008582
-0.021954
0.068875
-0.055733
-0.026356
-0.044617
0.037976
-0.044292
-0.014448
-0.021773
0.010719
-0.038927
0.047921
0.040707
0.009919
-0.028293
-0.026151
-0.008117
0.049620
0.007773
-0.040433
0.060187
-0.043031
-0.040706
-0.007612
-0.003999
-0.005592
-0.039404
-0.036066
0.001882
-0.034866
0.005689
-0.035628
0.033214
-0.047301
0.007635
-0.012925
-0.008925
-0.032186
0.049272
-0.040012
0.021714
0.026037
-0.045642
0.000215
-0.021171
0.038292
0.007735
-0.051308
-0.028144
-0.000489
-0.020382
0.044713
0.003402
-0.063516
-0.046222
0.008630
0.040839
-0.035715
0.040916
0.024724
0.033079
0.062250
0.029760
-0.034600
-0.059775
0.034213
0.031998
0.010123
-0.042729
-0.018878
-0.012199
0.002564
-0.051469
0.060688
0.017230
0.041072
-0.002263
0.041498
0.026200
0.036349
-0.012458
-0.073602
0.031373
-0.049488
0.051336
0.016617
0.002791
0.019602
-0.011877
-0.023333
-0.065548
-0.008253
-0.037629
0.031241
-0.050038
0.051029
0.016259
0.040001
-0.021960
-0.015093
0.029706
-0.014229
0.042500
0.041952
-0.036930
-0.007226
-0.024242
-0.004531
-0.051885
-0.064579
-0.048957
0.005544
-0.005980
-0.013706
-0.054575
0.007410
0.044023
0.015690
0.032258
-0.017867
0.045748
0.000233
-0.032703
0.036975
-0.021768
0.004013
0.000608
0.007297
-0.041180
0.006833
0.007025
0.011114
-0.069053
-0.041751
-0.041254
-0.044006
0.007116
0.005509
-0.011467
-0.023825
-0.044893
-0.028090
-0.010283
0.043601
0.039970
0.007264
0.064256
0.036421
-0.028465
0.036652
0.062013
0.057227
0.064718
-0.036924
0.010609
0.036291
-0.050793
-0.022310
0.004265
0.039932
-0.043405
0.018487
-0.018700
0.054952
-0.055654
-0.019961
-0.061475
0.013618
0.051760
0.002634
0.035185
0.058591
0.001915
-0.006047
-0.006802
0.017419
0.040926
-0.024343
0.048776
0.054733
0.034841
0.035849
0.037798
0.005247
0.013375
-0.024438
-0.043655
-0.012820
-0.022762
-0.029350
-0.023324
0.003692
0.044229
0.009367
-0.064047
0.060337
0.043033
-0.021976
-0.044479
0.035907
-0.036766
0.046776
-0.011820
0.049084
0.032672
-0.006892
0.020779
-0.018424
-0.013313
0.021519
-0.021676
0.034172
-0.007420
0.031971
-0.051189
0.052877
0.047696
-0.019939
0.018627
-0.033288
-0.024532
-0.027540
-0.003094
-0.016953
-0.001655
-0.014714
0.036877
-0.016426
-0.040707
-0.053244
0.040557
-0.003445
0.024911
0.033164
-0.041421
-0.040857
-0.045642
0.059101
0.015601
0.014861
-0.007517
-0.020520
-0.053376
0.005525
0.053385
-0.031070
-0.029562
-0.010189
-0.032645
0.036339
-0.005035
-0.047560
0.030040
0.016195
-0.046852
-0.042770
-0.035765
0.024947
0.011740
-0.036977
0.003509
0.044835
0.040405
0.042181
0.039895
-0.019398
-0.040917
-0.053958
-0.026786
-0.014394
-0.025710
0.038103
-0.001918
-0.021469
-0.031009
0.003990
-0.034573
0.028110
0.026317
-0.041919
0.028315
-0.017587
-0.023650
-0.042074
0.026031
-0.021748
-0.026852
0.043864
0.039318
-0.000965
0.022481
0.057184
-0.006852
-0.008842
0.046914
0.043242
0.043727
-0.054244
0.001304
0.047771
-0.008975
0.045084
-0.027885
0.004560
0.043278
-0.003224
0.046967
-0.035330
-0.051007
-0.006251
-0.025514
0.008304
-0.031015
-0.038604
0.040985
-0.032805
0.054266
0.050971
-0.003513
0.016581
0.015387
0.016261
-0.005041
0.042782
0.049699
0.013667
0.038159
-0.016630
-0.019911
-0.003303
-0.022367
-0.033691
-0.071590
0.040097
0.010158
0.035899
0.019266
-0.044919
-0.041734
-0.038491
-0.030642
-0.048255
0.005591
-0.007501
-0.036454
0.045797
-0.033846
-0.060395
-0.033090
0.021430
-0.009663
-0.042098
-0.043548
0.012563
-0.047812
0.027778
0.043686
-0.057499
-0.063282
-0.037480
-0.025190
-0.008115
-0.039013
-0.029453
0.061383
0.008399
-0.067027
0.039285
-0.011967
0.035061
-0.005237
0.031188
-0.006250
0.028567
0.030130
-0.010420
-0.031534
-0.045630
-0.033254
-0.003973
0.043741
-0.020801
0.012216
-0.016933
0.022787
-0.022641
-0.036735
-0.004241
-0.048301
-0.017024
-0.018466
-0.039946
0.005325
-0.028649
-0.047541
-0.003350
0.017528
0.016000
-0.034606
0.030902
-0.004743
0.026497
-0.001568
0.005133
0.005502
0.012292
-0.041418
0.002755
0.021713
-0.051108
-0.056097
-0.026953
-0.026924
-0.025623
0.047251
0.022620
0.034859
0.045307
-0.041263
-0.022505
0.057851
-0.017692
-0.003476
-0.025043
0.035045
-0.020416
0.050054
0.063437
-0.060760
0.033049
-0.010377
-0.042967
0.018534
-0.007005
0.033173
0.014642
-0.000313
0.031997
-0.046435
-0.034090
0.015065
0.040739
-0.049404
0.053462
-0.030921
0.044043
-0.019545
0.009288
0.001365
-0.013870
0.056795
-0.056930
0.033110
-0.024447
-0.034843
-0.063850
-0.049487
-0.042831
0.020930
-0.040933
0.055407
-0.030436
-0.052482
-0.042479
0.011698
0.051767
0.031709
-0.048589
-0.035499
0.022573
0.015264
-0.055210
-0.018092
0.031008
0.021931
-0.043266
0.004597
0.028950
-0.011808
-0.007926
-0.016876
0.041632
-0.035605
-0.002196
0.006350
-0.041979
0.040989
0.029625
0.029678
-0.000047
-0.004214
0.057169
-0.010751
0.003661
0.000075
0.028696
-0.026551
-0.023959
-0.023933
0.008295
0.039166
-0.021952
-0.021650
0.038221
0.013669
0.020134
-0.041044
0.035440
-0.034294
0.002580
0.025222
-0.041942
0.057073
0.034304
0.054139
0.019145
0.020986
-0.020822
0.007849
0.028068
0.008393
-0.051630
-0.021984
0.030408
-0.036149
0.049975
-0.023677
-0.026276
-0.052967
0.003694
-0.002720
0.016006
-0.026109
0.017741
-0.036171
0.036657
-0.029784
-0.025092
-0.028205
0.006459
-0.007068
0.060647
0.036279
0.006265
0.012970
-0.031340
-0.050363
-0.034831
0.011665
-0.034803
0.055881
0.016877
-0.021460
-0.023347
-0.027170
0.006054
-0.041218
-0.009910
-0.003755
0.042227
-0.050906
0.044115
-0.026322
-0.058480
0.007300
0.014405
0.050218
-0.002785
0.000503
0.049753
0.004113
0.029694
-0.018337
0.064544
0.055759
0.038153
-0.043652
0.000983
0.023682
-0.030843
0.028147
0.034109
-0.045951
-0.057650
0.008304
-0.009630
-0.044043
-0.010620
0.060361
-0.012524
-0.042070
0.013676
-0.001423
-0.024976
0.019612
0.036050
0.016195
-0.044197
-0.049462
-0.041837
0.031735
0.040192
0.014725
0.019639
0.021577
0.025198
0.022738
0.066027
0.056993
-0.027370
0.031361
0.033466
-0.007485
-0.050822
-0.003177
0.043803
-0.038992
-0.007803
-0.045133
-0.062745
0.035933
-0.024226
-0.024847
0.057385
-0.005713
-0.003404
-0.008815
0.055641
-0.035131
0.002282
0.039788
0.031478
-0.023298
-0.025273
0.038031
-0.040958
0.027166
-0.037295
0.017107
-0.012309
-0.009027
0.011029
-0.024886
0.011595
-0.014449
0.029235
0.013367
0.013016
-0.056945
0.006535
-0.024122
-0.031997
0.009875
-0.018885
-0.028305
0.023229
-0.031269
-0.015596
-0.023140
0.021313
0.020501
-0.049262
-0.025883
0.036846
-0.018189
-0.066671
0.006619
-0.011722
0.061789
0.019589
0.019761
-0.021422
-0.009518
-0.026437
0.004378
0.007447
0.003939
0.018782
0.054432
-0.027332
-0.054812
-0.048034
-0.001367
0.031064
-0.016442
0.002220
0.066278
0.015575
0.038392
-0.044325
-0.061811
-0.022532
0.049090
-0.045029
0.024100
0.008097
-0.065111
0.044199
-0.060102
0.057284
0.033553
0.029240
0.028251
0.012290
0.024298
-0.035619
-0.032182
0.048048
0.015087
-0.042668
-0.029143
0.023926
-0.003667
0.002088
-0.016466
-0.006009
-0.009340
0.029722
0.037477
0.044363
0.059495
0.044014
-0.003499
-0.021517
-0.022696
0.017613
-0.045544
0.014468
-0.001642
-0.053326
0.044692
-0.049051
0.005057
-0.027794
0.033504
-0.007923
-0.022297
0.031173
0.052235
0.046292
0.008043
-0.060064
0.001378
-0.040567
-0.032176
-0.001888
-0.025161
0.043086
-0.032573
-0.046044
0.027792
0.032007
0.008311
0.007453
-0.042821
-0.000661
-0.021428
-0.014905
-0.035319
-0.019333
-0.062349
0.019838
0.001816
0.010839
0.039509
0.045956
0.040006
0.031737
0.001275
-0.008732
0.009861
-0.027599
0.012236
0.040865
-0.029544
-0.019359
-0.065489
-0.070147
-0.034497
0.055069
0.034838
-0.007452
0.038143
0.047925
-0.034112
0.037039
-0.031511
0.047745
-0.029207
-0.031648
-0.019392
0.049373
-0.009267
-0.001658
-0.012869
-0.056936
-0.037794
0.018829
0.034087
0.040426
-0.019816
0.047713
0.023494
-0.014217
0.006577
0.031423
0.020534
-0.009475
0.035147
0.029588
0.050409
-0.037312
-0.022125
0.056327
-0.036886
-0.058542
-0.029565
-0.021291
0.044029
-0.019984
-0.028378
-0.006364
0.041231
0.029187
-0.015785
-0.001863
-0.007610
0.020995
-0.022042
-0.030677
-0.042980
-0.054342
0.018138
0.022324
0.003213
-0.031994
-0.033821
-0.044824
-0.043603
-0.021726
0.018427
-0.026381
-0.038153
-0.070905
0.006553
-0.029928
-0.047084
0.056773
-0.002657
0.024166
0.042001
0.027233
-0.013218
0.047127
-0.039019
-0.072571
0.038083
0.012688
-0.006086
0.039825
0.017327
-0.017765
0.039459
-0.013081
0.057802
-0.025871
-0.037129
-0.018030
-0.030887
-0.012791
0.005771
0.051501
-0.046571
-0.029079
-0.017416
-0.010016
-0.003455
-0.028383
-0.045294
0.043400
-0.047848
0.016952
-0.038087
0.025437
-0.036342
-0.007628
0.035232
0.028367
0.021493
0.035722
-0.014611
-0.006185
-0.042712
0.042880
0.002512
-0.059578
0.017556
0.010190
-0.026526
0.043276
0.048442
0.021005
-0.016629
0.019461
0.026035
0.041672
0.035671
-0.058930
-0.002434
0.019390
0.031367
-0.056683
-0.008411
-0.050331
0.055660
-0.019527
-0.036581
-0.053216
-0.046909
0.017542
-0.037927
-0.045814
-0.034804
-0.066821
0.040500
-0.016321
0.016552
-0.061115
-0.067607
0.034972
-0.020855
0.021712
-0.029987
0.034914
0.028707
-0.029538
0.016259
0.028939
0.043096
0.042789
-0.003523
0.027320
-0.075139
0.020382
-0.033494
0.042391
0.051384
-0.030055
0.029526
-0.006510
0.041741
0.006220
-0.012113
0.055250
-0.030079
-0.031268
-0.034369
-0.040020
0.043593
0.059935
0.015337
-0.013114
-0.031817
0.024242
-0.023983
-0.029446
-0.047412
0.061115
0.059356
-0.045616
0.040769
-0.039471
-0.011964
-0.027886
0.047772
0.029689
-0.060097
0.019281
-0.060555
0.021276
0.056996
0.051145
-0.029664
-0.038294
-0.025501
0.001991
-0.028514
-0.028202
-0.032936
-0.047468
-0.036796
-0.060469
-0.057381
-0.017199
0.033461
-0.002651
-0.044950
0.026238
-0.000223
-0.056677
-0.034176
-0.040891
-0.051441
0.032693
0.009748
0.023647
-0.021340
0.012507
-0.044867
0.045844
-0.042867
0.024220
0.013618
-0.014504
0.011247
0.035639
-0.005595
0.017752
-0.064185
0.004773
0.037718
-0.033534
-0.058365
0.009527
-0.050262
-0.067709
-0.037357
0.011171
-0.002794
-0.013149
-0.046422
0.043766
-0.065408
-0.038614
-0.021763
0.017477
0.009430
-0.029822
0.034689
0.001014
-0.035076
0.046023
-0.041161
0.008254
0.037743
0.045314
-0.037583
-0.048516
-0.001097
-0.000562
0.005654
0.055717
-0.009103
-0.006831
0.017474
-0.012436
0.041046
0.020835
-0.014970
0.033226
0.032643
0.015410
-0.021014
0.038130
0.005762
0.001666
-0.029628
-0.056534
0.005602
0.016916
-0.016571
-0.028352
-0.004275
-0.038623
0.023053
-0.008308
-0.032044
-0.015144
-0.021058
0.032990
0.005710
0.019208
0.048901
0.009501
-0.019226
-0.039105
0.034348
0.020358
-0.000257
0.044913
-0.016655
-0.027740
0.003675
0.001399
0.051519
0.021707
0.060716
0.025342
0.002163
-0.015933
-0.034135
-0.000641
0.003259
0.028087
-0.037460
0.020241
-0.052362
-0.017369
0.020621
-0.033784
-0.028219
-0.027980
-0.058231
0.010494
0.032652
0.044751
0.044299
-0.031671
-0.009631
-0.046378
-0.062495
0.012174
-0.002569
-0.037563
-0.027996
0.026504
0.014036
0.034038
-0.013924
0.043405
0.012359
0.050814
-0.005791
-0.049676
-0.016455
0.032933
0.024332
-0.004322
-0.059744
-0.035657
-0.000724
0.038564
-0.042453
-0.061755
-0.044869
0.025123
-0.066449
0.001007
-0.004304
-0.025352
0.026795
-0.010717
-0.032683
0.024122
-0.021680
0.035325
0.014608
0.054750
0.042893
0.025623
0.015433
-0.033636
-0.021451
-0.040097
-0.019681
0.023506
0.045453
0.009383
-0.042905
0.017576
0.038682
-0.046787
0.006177
0.044675
-0.029171
-0.046922
0.009998
-0.074340
0.047602
0.049858
-0.016465
-0.002020
0.017830
-0.044590
-0.045083
-0.038403
-0.043984
-0.032949
0.009856
-0.011632
0.007054
-0.043172
0.006536
-0.031089
-0.034434
-0.003632
0.015388
0.043981
-0.055707
-0.051682
0.014343
-0.054776
-0.019711
0.029546
0.023155
-0.014638
0.011854
-0.076937
-0.024804
0.020278
0.001466
0.037223
0.013239
-0.036012
-0.011776
-0.016193
-0.064135
-0.006377
-0.018853
-0.020172
-0.003947
-0.039643
0.012713
-0.004662
0.027228
0.011924
-0.041241
0.002804
-0.040066
-0.023912
-0.037708
0.007704
-0.017452
0.026064
0.009609
0.036070
-0.049237
-0.007147
0.027327
0.014722
-0.002831
-0.028836
-0.020990
-0.025287
-0.052535
0.016302
-0.031996
-0.036397
-0.056006
0.008251
-0.001116
-0.022169
0.041325
0.002436
0.027151
-0.021210
-0.036053
-0.066601
0.024813
-0.042630
-0.004804
-0.000440
0.010163
-0.018936
-0.004135
0.042597
-0.009635
0.001126
-0.001027
-0.062065
-0.007427
0.020859
-0.053477
-0.005327
0.003180
-0.048084
0.046678
0.041425
-0.019928
0.001201
0.023143
0.010325
0.015179
0.059372
-0.026565
-0.022557
-0.032862
0.055637
-0.048424
-0.001742
-0.060615
0.001113
-0.051387
-0.019480
0.015643
-0.015102
-0.020014
0.016786
0.051258
-0.017504
0.018242
0.053330
-0.053495
-0.006946
-0.047313
-0.012113
0.000655
0.038090
-0.019416
-0.005716
-0.082004
0.001046
0.035714
0.021434
0.010237
0.032413
0.026227
-0.014938
0.038937
-0.053001
0.011031
-0.006629
-0.015869
0.035846
-0.017566
0.026197
-0.047611
0.037366
-0.021718
0.014418
-0.013679
0.030060
-0.007115
-0.040505
-0.037395
-0.015321
0.067334
0.003128
0.045600
0.026882
-0.010348
0.044356
-0.047996
-0.058624
-0.035943
-0.018780
0.055343
-0.010284
0.011874
-0.017760
0.025630
-0.040247
-0.014532
0.017424
0.043140
0.046935
0.055987
-0.009430
-0.051757
-0.028479
-0.053578
0.007768
0.031132
-0.027908
0.046690
0.010499
0.012673
-0.032697
0.027600
0.019753
0.013266
-0.033783
-0.053370
0.046238
-0.023779
-0.021948
-0.043916
-0.039105
0.063449
-0.022124
-0.002863
-0.033255
-0.011012
0.042490
-0.011019
-0.061631
-0.042630
-0.054463
-0.053726
-0.011119
-0.031042
-0.056596
0.001256
0.032764
-0.052636
0.058530
-0.028001
0.007810
-0.055814
-0.049444
0.062916
-0.011704
-0.027389
-0.040334
-0.023350
-0.021053
0.036911
-0.011656
0.007459
0.018099
-0.022276
0.003223
-0.010433
0.015202
-0.023553
0.032785
0.013450
-0.033965
0.053251
0.005646
0.031567
0.013114
-0.004769
-0.035444
-0.017155
-0.029295
0.018747
-0.003710
0.033317
