10
300
0.213508
0.031702
-0.308527
-0.255582
0.368639
-0.203138
0.152509
-0.025567
0.161097
0.225811
0.298283
-0.045639
0.113985
-0.267149
0.313505
-0.300261
-0.015045
-0.018896
-0.105410
-0.256254
-0.241465
0.021022
0.001220
0.196068
0.098880
-0.035335
-0.355074
-0.215244
0.196154
0.102100
-0.084383
-0.284788
-0.002569
-0.281268
-0.172913
0.032065
0.023427
-0.197115
-0.231987
0.005568
-0.192230
-0.162013
-0.389563
-0.157520
-0.123781
-0.379190
0.015731
0.416218
0.085619
-0.152408
-0.223861
0.134997
-0.136623
-0.094517
-0.504690
-0.029449
-0.224842
-0.147372
-0.132249
-0.081989
0.195039
0.255993
-0.107936
0.030213
-0.273297
0.213970
-0.335277
0.113539
-0.198402
-0.009108
-0.063961
-0.213302
0.301510
-0.017212
0.252712
-0.029082
0.142667
0.220023
-0.038766
-0.047895
-0.346782
0.286183
-0.040754
0.042524
0.155558
0.042859
0.236177
0.174936
0.232918
0.068622
-0.274983
0.394290
0.036680
0.072104
0.071611
0.183230
-0.180445
0.178734
0.190545
-0.068090
-0.207313
-0.372071
0.112436
-0.294260
0.284032
0.047470
0.104043
0.163233
-0.017941
-0.151748
0.114999
0.173522
-0.304768
-0.311041
-0.009542
0.205129
-0.309152
-0.057616
-0.038521
-0.380472
-0.183237
-0.145277
-0.410826
0.175956
-0.136477
0.033198
-0.003201
0.171549
0.163729
-0.032425
-0.077475
-0.152955
-0.128865
-0.193784
0.054914
-0.275515
0.225457
-0.259098
-0.202308
0.073043
-0.115236
0.096852
-0.147101
0.000083
-0.218639
-0.005215
0.012359
-0.353967
-0.295129
-0.333997
-0.327712
0.109646
0.201130
0.033513
-0.171695
-0.088061
-0.237195
-0.125796
-0.187855
-0.173337
-0.155650
-0.281504
-0.070882
-0.215988
-0.042513
-0.282363
-0.296754
-0.042381
0.316935
0.145516
-0.224504
-0.047916
0.026633
0.067389
-0.233789
0.186958
-0.286568
0.176730
-0.335530
0.059587
-0.394362
-0.078662
-0.114523
-0.164835
-0.286455
0.070980
0.114801
0.128246
-0.177175
-0.134481
0.117123
-0.173544
-0.071719
0.107797
0.319368
-0.115383
0.084814
-0.022069
0.041432
0.255512
-0.220363
-0.390066
-0.039691
0.102701
0.030730
0.237304
0.082443
-0.251877
0.095148
-0.414453
0.103693
-0.269843
0.239042
-0.439374
-0.126368
-0.447837
0.200401
-0.365562
0.092630
-0.279472
-0.100975
0.228511
0.262555
-0.327903
-0.249562
0.269581
-0.231380
-0.064337
-0.112910
-0.352582
0.047642
-0.026428
-0.205134
-0.185549
0.167922
-0.372859
-0.222484
0.221112
-0.189683
0.085056
0.367058
0.169370
-0.343094
-0.195400
-0.308220
-0.208420
-0.280048
-0.163995
-0.001211
-0.254109
-0.104147
-0.337056
-0.323179
-0.023146
-0.025116
0.101300
-0.109702
0.047198
-0.117527
0.162108
-0.151293
0.140770
0.085213
-0.043734
-0.177282
0.156960
0.030425
-0.178362
0.063605
0.128706
-0.253720
0.163770
0.210506
-0.239723
0.183822
-0.309158
0.012618
-0.117207
-0.223245
0.069182
-0.074162
0.148272
0.092721
-0.078067
-0.222454
-0.353516
-0.187620
0.319508
-0.141367
0.109927
0.265062
-0.131119
0.328920
0.162222
-0.318382
0.318767
0.156931
0.121659
-0.111179
-0.135541
0.066538
0.048341
-0.203444
0.159779
-0.357892
0.092160
0.089632
0.309917
0.163285
-0.077626
-0.050765
0.062224
-0.351711
0.306726
-0.092933
0.122608
0.039336
-0.353393
0.012880
-0.099585
0.214094
0.156044
-0.417703
0.217618
-0.004774
-0.326029
0.355092
-0.024088
0.356990
0.011738
-0.458594
0.032095
-0.153956
-0.021738
-0.193231
-0.163290
-0.310254
-0.286380
-0.140310
-0.258332
-0.248797
0.151759
0.092010
0.181469
0.161659
0.045655
0.043949
-0.055656
0.012014
-0.284188
0.212861
-0.079379
-0.155905
0.097550
-0.070053
-0.395455
-0.200484
-0.039375
0.192226
-0.348335
0.328702
-0.336266
0.033287
-0.125480
0.038947
-0.379400
0.139348
0.169524
-0.302373
-0.217033
-0.382550
0.253036
-0.309326
-0.287786
0.031446
-0.354779
0.140852
-0.167995
-0.108764
-0.246785
-0.065203
-0.091175
0.101916
-0.431352
-0.062285
-0.045017
-0.066936
0.128532
-0.211717
-0.231608
0.174029
-0.373451
-0.163234
0.006285
-0.074492
0.170647
0.279994
0.069427
0.283158
-0.112519
0.136457
-0.253723
-0.248436
0.179849
0.041049
0.153650
0.245510
-0.046133
-0.237849
-0.183090
0.319972
0.224894
0.354023
0.121364
-0.211028
-0.303339
-0.186064
-0.044950
-0.148640
-0.066677
0.058728
0.091535
-0.091551
0.357035
-0.129346
-0.163277
0.183756
0.067159
0.130742
0.153268
0.170956
-0.027920
-0.246522
-0.231383
-0.099344
-0.309933
0.154337
-0.203240
0.021859
-0.235239
0.208483
-0.047001
-0.375338
-0.005015
-0.250613
-0.242247
0.063056
-0.041934
0.073379
-0.307419
0.231987
-0.083283
0.179493
0.003981
-0.117991
0.066686
0.221609
-0.112138
-0.082590
0.053498
-0.163276
-0.141619
-0.100537
0.066996
-0.194641
0.196041
0.181566
-0.047042
-0.303852
-0.258280
0.175659
0.211351
0.195611
0.105486
0.145779
-0.245374
-0.181798
0.009304
-0.025271
0.028899
-0.026164
0.231622
-0.294869
0.195663
-0.155388
0.185601
-0.062053
-0.265512
0.079792
-0.301142
0.169219
-0.017234
-0.008194
-0.144921
-0.129470
-0.165508
0.127368
-0.175684
0.364657
-0.095770
-0.126480
-0.058790
-0.294874
0.009676
-0.005910
-0.193732
0.342527
-0.000191
0.079995
0.121120
0.048722
-0.160822
-0.109833
-0.055293
-0.183033
0.168422
-0.164809
-0.138374
-0.210823
-0.007968
0.139545
-0.270590
-0.221923
-0.084122
-0.148978
-0.166123
0.155988
-0.096092
0.250457
0.120338
0.101946
0.125147
0.172981
-0.571376
-0.027426
-0.197608
-0.427118
0.048948
-0.314760
-0.033126
0.046060
0.233604
-0.265235
-0.261761
0.177950
-0.100932
0.280534
-0.356926
-0.300667
-0.326967
0.094635
0.216141
-0.151206
0.232177
-0.132379
0.205762
-0.091950
-0.227871
-0.192178
0.011191
-0.252615
0.421931
-0.149965
-0.118431
-0.189009
-0.315207
0.005281
-0.082580
0.014085
0.213647
-0.092609
-0.065424
0.187656
-0.034418
-0.019777
-0.019122
0.299149
-0.134723
0.123396
-0.274783
0.178477
0.143932
-0.158904
0.267335
-0.024797
-0.013263
0.165071
-0.312155
-0.303173
0.369266
0.178910
-0.040091
-0.145049
-0.323982
0.144679
0.245470
-0.233736
0.064442
-0.239395
-0.313835
0.137924
0.166956
-0.055338
-0.048350
0.349899
-0.377129
-0.235114
0.100284
0.275589
-0.245629
0.200619
-0.113902
0.218177
-0.480870
-0.090293
0.071810
0.106519
-0.181310
0.417503
0.293052
0.096527
0.067977
0.079965
0.443309
-0.007045
0.368993
0.113772
0.088755
-0.115427
-0.348684
-0.261650
-0.229055
0.131662
0.022087
0.135350
0.007289
0.233666
0.378313
0.083893
0.352037
-0.193406
0.017391
-0.239509
-0.336154
0.039576
0.239370
0.019802
-0.024414
0.060772
0.034527
0.038087
-0.322343
-0.108981
-0.164689
-0.280567
0.252650
-0.089477
0.106427
-0.100437
-0.257341
0.154146
-0.128949
-0.336614
0.182613
-0.286444
-0.276392
0.293082
-0.197057
-0.191799
-0.252205
-0.340153
0.289419
0.120403
-0.149601
0.301745
0.025688
-0.194566
-0.008161
-0.343951
0.016941
0.006936
0.183178
-0.416422
0.237913
0.089073
-0.171516
0.068308
-0.362426
-0.322151
-0.342339
-0.237412
-0.354576
-0.122116
0.007110
-0.257448
0.066003
0.194618
-0.511594
0.084053
-0.310070
-0.162326
0.412583
0.088745
0.089488
-0.093572
0.074629
-0.294697
-0.468551
-0.109496
0.012405
0.324927
0.345328
-0.218579
-0.406984
0.336451
-0.307886
-0.288356
0.120192
-0.035837
-0.127867
0.301753
0.343776
-0.100629
-0.241689
0.077258
0.002281
0.282267
0.117433
0.186580
-0.276129
0.303103
-0.102481
-0.060559
0.245170
-0.158317
-0.063672
-0.135636
-0.338604
0.053121
0.125668
0.146207
-0.018714
-0.327557
-0.083938
0.012849
0.310588
0.144514
-0.284283
0.144278
-0.193696
-0.036043
0.202726
-0.187357
-0.461372
-0.235084
-0.472516
0.051219
0.008230
0.050766
0.019906
0.146421
0.196214
-0.393642
-0.287946
0.167682
-0.006444
0.259555
-0.068749
0.214667
0.070610
-0.071484
0.159015
-0.262776
0.405138
-0.368741
-0.242658
0.117184
0.186654
0.072731
0.110363
-0.137479
0.231388
0.028017
0.050517
-0.245774
-0.304639
0.289322
0.233906
0.460120
0.157396
0.053950
0.113566
0.002304
-0.545987
0.353463
0.234838
-0.042494
-0.091234
0.235533
-0.235519
-0.039803
0.002230
0.115295
0.288733
-0.047971
-0.487407
-0.225948
-0.034114
-0.133345
0.070552
-0.322033
0.175241
0.017998
-0.288667
-0.298634
0.279166
-0.298365
-0.224676
-0.272378
0.060653
-0.479619
-0.290356
-0.074332
0.288123
-0.178164
-0.187864
-0.100826
0.052580
-0.247717
0.309086
-0.165406
0.047881
-0.195007
-0.191595
0.372805
0.291319
-0.271807
-0.507826
-0.311947
-0.112298
0.256446
-0.131872
-0.178769
0.537687
0.121379
-0.053593
-0.328255
-0.237925
0.109829
-0.124641
0.298820
-0.219771
0.016248
-0.059891
0.006252
0.226062
0.324014
-0.486376
0.087808
-0.505665
0.184867
-0.422498
0.232476
-0.362794
-0.165264
0.158571
-0.381426
0.148415
0.033830
-0.404813
-0.209672
0.079660
0.112761
-0.066582
-0.017691
-0.155707
-0.176833
0.149786
0.340119
-0.203795
-0.125178
0.100128
0.156927
0.242118
-0.400866
-0.025665
0.318053
-0.047870
-0.056869
0.160084
0.023114
-0.051073
-0.323938
-0.305480
-0.065935
-0.200663
-0.387715
0.190249
-0.238571
0.186466
-0.283971
-0.028036
-0.068895
0.149651
0.379760
0.115619
-0.168772
-0.231985
-0.174631
-0.428718
0.039543
0.118802
0.169070
0.119320
0.217962
-0.162355
0.586743
0.021885
0.139468
0.000137
-0.043473
-0.186803
-0.279388
-0.061803
-0.060378
-0.543898
-0.311996
0.212296
-0.227398
0.070537
-0.477654
-0.175138
0.252912
0.169649
-0.299762
-0.428450
-0.050892
-0.136051
-0.093463
-0.537506
-0.053954
-0.133887
0.129139
0.305646
0.079151
0.089093
-0.178091
0.160675
-0.016655
0.298579
0.217218
0.283502
-0.280771
-0.270755
-0.024858
-0.561199
-0.328095
0.102357
-0.151013
-0.242628
-0.153748
-0.324035
0.147966
-0.067783
-0.469929
0.164804
-0.197325
0.194594
-0.295409
0.154818
0.025765
-0.407564
0.113838
-0.145364
-0.284492
-0.146384
-0.001500
-0.209280
0.098215
0.271173
-0.140260
-0.231743
-0.013662
-0.178183
-0.247947
0.054996
0.152293
0.138209
-0.042001
-0.062909
-0.412288
0.215038
-0.248158
-0.016351
-0.015674
-0.050220
-0.100848
0.001773
-0.135567
-0.006240
-0.140689
-0.271599
-0.390995
-0.200891
-0.243754
-0.276066
0.321358
-0.137497
-0.096519
-0.245267
0.109727
0.404226
-0.024104
-0.345481
-0.263882
0.292068
0.162957
-0.215780
-0.064287
0.002134
-0.116196
0.180456
0.235176
-0.248518
-0.234510
-0.431206
0.227895
0.188062
0.103054
0.088995
0.278703
-0.187534
-0.054601
0.141807
-0.312794
0.203819
-0.240580
-0.203192
-0.178636
-0.045842
0.239505
0.165572
-0.199442
-0.037547
-0.419610
0.072602
0.002112
-0.161711
-0.086913
-0.128167
-0.260789
-0.167116
-0.352333
0.324322
0.164794
0.045650
0.316671
0.155544
-0.176660
0.320974
-0.112399
-0.520149
-0.177803
-0.091301
-0.327474
0.200410
-0.250104
-0.182277
-0.114656
-0.139718
0.055545
-0.171913
-0.142398
-0.254762
-0.243915
-0.258341
-0.140318
0.247156
0.146372
0.061355
-0.315413
-0.272875
-0.395788
-0.086606
0.246112
0.351950
0.143829
-0.393925
-0.451012
-0.314021
-0.179116
-0.205043
-0.026590
-0.008775
0.046869
0.052853
0.039698
-0.451708
0.419499
0.160911
-0.019779
0.243975
-0.475599
-0.463573
-0.158403
-0.022446
0.166812
0.147451
-0.302830
-0.004506
-0.001423
-0.130037
0.053544
-0.030751
0.180678
0.127695
0.134894
0.027962
-0.496209
0.224259
0.567314
-0.288583
-0.101384
0.039414
0.331958
-0.329047
-0.367778
-0.021357
-0.098961
-0.129032
-0.116303
-0.108773
-0.278045
0.038635
0.174378
-0.020747
-0.255653
0.082723
-0.392087
-0.147511
-0.163525
0.179705
0.070595
-0.308724
0.097918
0.117344
-0.290771
-0.206799
-0.038816
-0.335917
-0.110217
0.066131
0.082859
0.368123
-0.268201
0.182088
-0.034664
0.064480
-0.044276
-0.359404
0.182918
-0.291263
0.110531
-0.307422
0.070361
-0.108214
0.283334
-0.398374
0.332602
0.055813
0.018881
-0.008190
0.077794
0.106652
0.081932
-0.221396
0.260188
0.213942
-0.360951
-0.190261
-0.132996
-0.014739
0.181961
0.210443
-0.097094
-0.175261
0.411766
-0.302081
0.099420
-0.098192
-0.219999
-0.282217
-0.211153
0.327562
0.067436
0.066456
-0.223391
0.121081
0.008623
-0.252714
-0.205750
-0.331681
-0.405650
0.241492
-0.152715
0.303615
-0.091537
0.305943
0.224559
0.060863
-0.099029
-0.231801
-0.156343
-0.041341
-0.336845
0.366330
0.207007
-0.256994
-0.343249
0.299373
0.139227
-0.145257
-0.234635
-0.254413
-0.258634
0.073355
-0.121944
0.142968
-0.222917
-0.287010
0.061113
0.132825
0.033504
-0.025729
0.211374
-0.180003
-0.069891
-0.308185
-0.196693
-0.044775
-0.209356
0.114675
0.091533
0.200906
-0.185106
-0.170363
0.051611
-0.236451
0.057596
0.201055
-0.269046
-0.004682
-0.222393
-0.233137
-0.034535
0.119618
-0.112738
-0.150844
0.170291
0.059614
0.148589
-0.256618
0.006165
0.244099
0.480750
-0.111303
-0.425332
-0.005966
-0.282830
-0.229484
-0.051433
-0.228868
-0.267981
-0.208437
0.133689
0.137891
-0.063675
0.154684
-0.362676
-0.000788
0.053777
-0.262661
-0.325433
-0.483294
0.115457
0.377907
0.283640
-0.455479
-0.017139
0.131951
0.180022
-0.135168
-0.194129
-0.074416
-0.354401
-0.224258
0.068318
-0.102939
0.068134
0.317270
0.264114
-0.098698
-0.119115
-0.346512
-0.058090
-0.315765
0.354125
-0.172096
-0.193753
-0.350067
0.270481
-0.318168
-0.243185
-0.245072
-0.317767
-0.271263
-0.147687
-0.353844
-0.159277
0.154235
-0.024180
-0.252122
0.009625
-0.379494
0.399703
0.061703
-0.354525
0.021073
-0.082968
-0.369579
0.189165
-0.229054
-0.036687
-0.166750
0.009774
-0.166475
0.199180
0.017827
0.198284
-0.261076
-0.035907
0.151874
-0.223830
-0.421332
0.234218
-0.013844
0.141663
-0.017535
-0.075887
-0.119628
-0.282787
0.025255
0.113396
0.273790
0.172187
-0.105175
0.080894
0.406881
-0.006573
-0.269072
-0.109740
-0.143440
-0.038155
0.291376
0.042826
-0.136259
-0.378711
0.055653
0.235295
-0.460499
0.159138
0.046909
0.139773
-0.355625
0.420528
0.258845
-0.056982
0.029545
0.018898
-0.108823
0.257788
0.072017
-0.283771
-0.134922
0.221689
0.286671
-0.330593
0.123583
0.146211
0.145213
-0.465003
-0.205099
-0.240316
0.219947
-0.268538
0.246300
-0.406188
0.107165
0.058674
-0.385720
0.024572
-0.163038
-0.326731
0.022880
0.178516
0.362881
0.045081
-0.192129
0.180949
-0.167401
-0.352403
0.226239
-0.212473
-0.251074
0.008148
-0.103204
-0.361199
0.125530
0.022797
-0.358946
0.074039
0.099034
0.005520
0.364673
-0.338254
0.397176
0.274442
0.190369
0.218606
0.045986
-0.369053
0.009525
-0.414401
-0.284506
-0.160860
0.289185
-0.069388
-0.226307
-0.185087
-0.515995
0.244583
-0.142673
-0.352513
0.066889
0.128343
-0.075207
-0.171895
-0.235033
-0.113914
0.287358
-0.209920
-0.360675
-0.332215
0.433591
0.333560
0.211688
-0.425383
-0.412013
0.069178
0.287241
0.153319
0.057262
-0.127642
0.344541
-0.296463
0.330895
0.069863
-0.154081
-0.111656
-0.564588
0.112271
0.114883
-0.066583
0.000627
-0.235540
-0.067123
-0.087098
0.044809
-0.079088
0.120670
-0.117027
0.252299
0.206534
0.230625
0.154210
-0.342637
-0.023448
-0.430452
-0.053942
0.079415
-0.220187
-0.216938
-0.078682
-0.130323
0.116717
0.083763
0.188442
0.093043
-0.178570
-0.501470
-0.128715
-0.316931
0.594806
-0.240751
-0.317443
-0.146379
0.168162
-0.092340
-0.172452
0.066187
0.043153
0.420707
-0.284417
0.262077
0.248443
-0.065937
-0.474938
0.108352
0.078753
-0.110995
-0.203889
-0.001914
-0.064061
0.202703
0.016663
-0.046790
0.349445
0.431486
0.469844
-0.170774
-0.010923
0.405262
-0.001836
0.022618
-0.214948
0.022483
0.075630
-0.197986
0.329974
-0.204038
-0.066017
0.163245
0.461376
0.380737
-0.065978
0.066236
0.097668
-0.104174
-0.192968
-0.074569
-0.418270
0.262262
0.284621
-0.070705
0.214688
0.222497
0.238243
-0.105773
-0.074981
-0.368909
-0.011864
0.300034
0.444473
0.190912
-0.292051
-0.061905
0.049863
-0.375864
-0.124291
0.214408
-0.230661
-0.270673
-0.202093
-0.090702
-0.263045
-0.348301
-0.476793
0.165270
0.268573
0.004114
0.023032
-0.033347
-0.188196
-0.028694
-0.155409
0.318297
-0.194562
-0.164415
-0.176773
0.444990
0.157152
-0.150510
0.320682
0.113918
-0.204868
-0.135462
-0.258593
0.107369
-0.339172
0.333820
-0.013647
0.199212
-0.384856
0.206829
-0.386100
-0.129435
-0.276176
-0.229049
0.359916
0.113499
-0.172169
-0.201936
0.101062
-0.110604
0.594546
-0.131233
-0.048098
-0.361300
0.072119
0.129096
0.448692
0.046850
0.302912
0.530111
-0.305624
0.312566
0.248265
0.049035
0.051632
-0.084253
-0.124907
0.592690
-0.522972
0.117093
0.103106
-0.170035
-0.271844
-0.393809
0.222647
-0.271304
0.412293
0.286843
0.131724
0.129129
-0.176375
0.042565
-0.293400
0.355161
-0.033081
0.026265
0.163878
0.019071
-0.105577
0.174290
0.502658
0.108957
0.006595
0.192302
0.195936
0.059034
-0.239243
-0.089518
-0.249560
-0.023617
-0.466288
-0.108367
0.167037
-0.127423
-0.115694
0.259743
0.031379
0.204823
0.156800
-0.294727
0.196659
-0.002801
0.302770
0.299767
-0.182201
0.072433
0.178496
-0.160027
-0.008997
0.423283
0.365775
-0.098450
-0.083995
0.128489
-0.073844
0.348835
-0.182407
0.187847
0.374651
0.206510
-0.025560
-0.227008
0.464943
-0.402633
-0.044172
0.130519
-0.329965
-0.300612
-0.113167
0.370591
-0.085644
-0.283798
-0.135031
-0.298131
-0.110013
0.233037
0.357911
-0.255714
0.112509
0.388264
-0.116103
0.166053
-0.211229
0.384147
0.111286
-0.039186
0.123563
-0.118698
-0.077948
0.212723
0.240290
0.306545
-0.439427
0.223299
-0.173118
0.040360
0.089872
-0.141640
0.667211
-0.173483
-0.231774
-0.251243
0.139963
0.468576
0.114846
0.636315
-0.188416
-0.112519
-0.158391
0.078794
0.254030
0.011452
0.185269
-0.428539
0.113378
-0.141102
0.203804
-0.160576
-0.107682
-0.388377
-0.125480
-0.034767
0.035373
-0.055339
-0.153365
-0.490650
-0.113496
0.582463
-0.020716
0.407284
-0.065237
-0.292766
-0.151104
-0.394108
-0.217115
0.402670
-0.146090
0.175607
-0.427040
0.267610
-0.173163
-0.534288
-0.110058
-0.285528
-0.116967
-0.304417
0.167878
-0.200681
0.053738
-0.294763
0.464287
0.103169
0.152338
-0.042174
-0.259605
0.280865
-0.159827
0.005349
-0.527642
-0.323219
-0.014282
-0.229247
0.012667
0.247489
0.016055
0.037447
0.050724
0.220072
-0.140343
0.135044
-0.270388
0.200413
-0.339476
0.098302
-0.286636
-0.203142
0.088570
0.019055
0.051079
0.077026
-0.256237
0.180986
-0.271455
0.165945
-0.376805
-0.038458
0.317050
0.171858
-0.263777
0.199810
-0.378332
0.081349
-0.140303
-0.061275
0.156737
0.218760
-0.094201
-0.118906
0.125186
0.152006
0.068563
-0.004924
0.088952
-0.016991
-0.047859
-0.384011
-0.293984
-0.039235
-0.396313
-0.386996
-0.235500
-0.208837
0.201320
-0.066767
-0.056911
-0.220672
-0.086941
-0.177560
-0.386993
0.219368
-0.252542
-0.245076
0.164451
0.137691
-0.301897
0.043825
0.145892
-0.216324
-0.217368
0.173047
-0.288649
-0.373382
-0.187473
-0.278888
0.040992
0.234227
-0.035738
0.324123
0.045589
-0.098655
-0.242415
0.098912
0.250960
-0.301464
-0.095783
-0.262378
-0.113888
0.171755
0.171105
-0.159338
0.193647
-0.282548
0.263858
0.074548
-0.215857
0.129694
-0.183284
-0.313924
-0.228296
0.079512
-0.182734
0.079456
0.230557
0.053452
0.190174
0.082329
0.349519
-0.333435
0.192926
0.055358
0.084610
0.171509
-0.047700
0.310915
0.272186
0.096081
-0.224657
-0.043730
0.269067
0.319223
0.183771
0.168903
-0.279135
0.228200
-0.115893
-0.052986
-0.421367
-0.267692
-0.209983
-0.230948
-0.251489
0.350673
-0.459487
-0.218157
0.123335
0.344312
0.062840
0.251223
-0.258035
-0.289652
0.057751
-0.252236
0.145543
-0.092422
0.212864
0.194736
-0.346310
-0.313664
-0.205288
-0.198271
-0.266694
-0.138439
-0.053086
0.053893
-0.194881
-0.406292
-0.139695
-0.179316
-0.399443
0.341252
-0.340886
-0.131511
0.082733
-0.329831
-0.333111
0.125200
-0.186508
-0.045716
0.230344
0.055768
-0.193174
-0.248556
0.056516
0.205041
0.266364
0.025544
0.059008
-0.292324
0.304875
0.184428
0.296103
-0.326866
-0.160574
-0.141501
-0.219267
-0.017137
-0.283890
-0.160944
-0.300150
-0.070585
-0.207660
-0.211108
0.047149
-0.245336
-0.043448
-0.478516
-0.153705
-0.084049
0.002882
0.195081
-0.159561
0.158776
-0.102601
0.044311
-0.016212
-0.173727
-0.171657
-0.190393
0.132844
-0.087883
-0.049857
0.057792
0.028704
0.135712
-0.263668
0.090331
-0.121590
0.104147
-0.253152
0.141964
-0.250358
-0.251733
-0.225184
-0.467302
0.134086
0.018243
0.033273
0.376527
-0.087148
0.075017
0.155584
-0.291606
0.142458
-0.175793
-0.026524
-0.074782
0.072614
0.287960
0.087339
-0.108380
-0.379211
-0.331979
-0.053408
0.267883
0.206397
-0.140859
0.046682
-0.039120
-0.362618
0.195431
-0.163814
-0.067252
0.271892
0.073837
0.081940
-0.053380
-0.329684
-0.277701
-0.134240
0.362023
-0.255849
0.103359
-0.231191
-0.210625
-0.265095
0.271150
-0.140984
0.269179
0.109846
-0.199607
-0.037786
-0.340319
-0.011778
0.243048
-0.102402
0.121475
0.067131
-0.256781
-0.096843
0.101104
-0.122604
0.165455
0.073405
-0.353304
0.125455
-0.141941
0.033499
0.115730
-0.195514
-0.110864
0.234674
-0.088430
-0.353829
0.004479
0.170361
-0.147565
-0.116756
-0.089861
-0.063945
-0.148455
0.180515
-0.235467
-0.080241
-0.018033
-0.306750
0.150143
-0.109982
0.097807
-0.300297
0.148204
0.254963
0.243539
0.183503
-0.268001
0.237940
-0.223213
0.205787
0.003502
-0.182994
-0.299316
-0.365496
-0.259485
0.278088
-0.183879
0.220072
0.308395
0.265348
-0.270477
-0.100016
-0.182166
-0.051996
-0.413815
-0.183464
0.194957
0.155730
0.025874
-0.262698
-0.111010
-0.061745
-0.206723
-0.377935
-0.201439
-0.403004
0.419151
0.001417
0.252579
-0.318962
-0.130617
-0.052390
-0.383456
0.120071
0.360481
0.100310
0.020594
-0.151121
-0.246286
0.030160
-0.182480
-0.094999
0.257574
0.183311
0.170738
-0.226879
-0.047035
-0.198618
-0.053622
-0.133377
-0.078310
-0.078732
-0.011273
0.161572
0.066381
0.047599
0.202321
-0.073140
0.204867
0.187381
0.093727
-0.307416
-0.258291
-0.168143
0.249627
-0.074865
-0.248617
0.037874
0.090226
-0.057509
-0.255987
-0.193618
0.343141
-0.169315
-0.178067
-0.387307
0.222649
0.226161
-0.097648
0.248425
0.010353
0.092574
0.070381
0.054225
-0.051055
-0.325815
-0.025171
-0.188449
0.269731
-0.433494
0.360334
0.311324
-0.159789
0.036519
-0.126760
-0.143143
0.399273
-0.081612
-0.134087
0.191672
0.204390
0.045674
0.292211
0.178808
0.332786
-0.259962
-0.266712
0.364828
0.391094
-0.222505
0.250191
-0.059207
-0.185594
-0.279726
0.325455
0.256965
0.114620
0.019206
-0.296418
0.089674
0.099060
-0.136710
-0.049972
-0.126851
0.089514
0.147641
0.242404
0.105241
-0.297818
-0.420166
-0.167568
-0.239699
0.197018
0.241136
0.376078
0.315230
0.052297
-0.219037
-0.036219
0.150374
0.019057
0.033701
-0.100243
-0.332602
0.152296
0.164113
0.251230
-0.198355
-0.405383
-0.161013
0.341583
0.385950
-0.048402
0.025632
-0.149541
-0.171499
-0.127382
-0.140642
-0.370624
0.019559
-0.130300
0.168414
0.181073
-0.248720
-0.031561
0.249387
0.244886
0.044523
-0.412166
0.233074
-0.076303
0.191572
-0.270370
0.053149
0.332869
-0.454362
-0.153382
0.363748
0.113266
-0.046910
-0.317413
0.172783
0.240117
-0.198612
-0.096317
-0.298861
0.262659
0.163329
0.152846
-0.253029
0.031361
0.256704
-0.184462
-0.128227
-0.018768
0.256308
-0.280830
-0.408261
-0.146254
0.140325
-0.373418
0.271051
-0.046405
0.135464
0.019513
0.040340
0.144782
-0.088095
0.233861
-0.015927
-0.278481
0.250317
-0.183981
-0.194479
0.072260
0.099433
0.117333
0.347945
0.040734
-0.267358
-0.057014
-0.163431
-0.232213
0.117669
0.044588
-0.077532
0.012226
-0.196753
0.239996
-0.245494
0.178259
-0.246575
-0.378598
0.059381
0.170694
-0.309133
-0.119541
0.174566
0.356607
-0.326134
0.032502
-0.194863
-0.220088
0.257434
0.136020
-0.183454
0.215429
-0.068502
0.347426
-0.202208
0.152712
0.061608
0.219851
-0.199379
-0.280763
0.020799
0.176991
-0.302337
0.208929
0.102031
-0.078166
-0.282355
-0.403499
0.223408
0.160664
0.223894
-0.203332
-0.309668
0.105506
0.295348
-0.276690
0.018376
-0.294800
-0.196393
-0.226998
0.316525
-0.134715
-0.439033
-0.050917
0.025798
0.121150
-0.068451
0.373056
-0.037485
-0.010092
0.232052
-0.134424
-0.147248
0.218405
-0.203791
-0.232493
-0.313231
-0.133614
-0.535001
-0.348393
-0.307086
-0.352101
-0.279179
-0.224935
-0.155662
-0.173386
-0.163711
0.153842
-0.018357
0.135340
-0.558129
0.128769
-0.418559
-0.470175
-0.124154
0.054135
-0.264293
-0.302732
0.259388
-0.029264
-0.488878
-0.175689
0.053525
-0.138915
-0.157236
-0.262374
-0.071938
-0.002312
0.140572
-0.130973
-0.170562
-0.298541
-0.109585
0.283494
-0.063921
0.050384
0.101625
0.126874
-0.085167
-0.568816
0.035883
0.172271
0.168688
0.413712
-0.181984
-0.339860
0.232650
-0.142729
0.414980
0.184147
0.130737
-0.183840
0.061952
-0.342312
0.146372
0.102711
-0.105135
-0.011988
-0.433805
-0.055376
0.127136
0.385441
0.150660
-0.131985
0.398339
0.243092
-0.374964
-0.038893
0.215142
-0.430646
0.016641
0.057588
-0.371593
-0.035489
0.020917
-0.329078
-0.184102
0.103106
0.196921
-0.333546
0.078059
-0.275890
-0.233264
-0.118083
-0.366500
-0.065244
-0.289553
0.079895
-0.166176
-0.072216
-0.229993
-0.354257
-0.173872
0.161345
0.323161
-0.227545
0.151953
-0.406758
-0.513366
-0.332959
-0.195205
-0.046262
0.123285
-0.097399
-0.173036
-0.321706
-0.291143
0.312693
-0.311115
-0.260516
-0.179484
-0.232395
-0.041433
0.006993
-0.145849
-0.030996
-0.323029
-0.679961
0.348326
-0.189982
-0.306795
0.196259
0.043026
-0.168675
0.058994
-0.259146
0.339330
-0.547773
-0.044523
-0.285390
-0.289912
-0.456541
0.159798
-0.511660
-0.106616
0.122075
-0.006406
-0.510646
-0.054955
-0.330562
-0.349268
0.082623
-0.021870
0.093418
0.180902
-0.095662
0.136195
-0.516458
-0.204450
-0.146642
-0.224057
-0.255270
-0.298922
0.349961
0.032999
-0.177096
-0.156568
0.090232
0.042524
-0.085695
0.095700
0.071749
-0.175341
0.349806
0.179641
-0.400377
0.175783
0.188368
-0.079801
-0.153411
-0.232297
0.081197
0.013833
0.177055
0.095148
-0.128439
-0.118482
-0.292654
0.048218
-0.469234
0.085828
-0.026507
-0.351635
-0.316869
0.252289
-0.288726
-0.112966
-0.073653
0.165394
-0.310385
0.087654
-0.363372
-0.247892
-0.518171
0.579576
-0.058148
-0.152721
0.212272
-0.199478
-0.341947
0.096244
0.243148
0.292282
-0.162604
-0.574041
-0.291804
-0.510557
0.227158
-0.286209
0.059920
0.322841
0.170680
0.016261
-0.175690
-0.256732
0.140995
0.103543
0.055315
-0.101095
-0.502523
-0.031198
-0.012761
-0.544582
0.037758
0.113895
-0.131787
-0.213410
-0.077256
-0.518431
0.285797
-0.131649
0.080819
0.220858
-0.270940
-0.041405
0.115673
0.077942
-0.138060
0.029947
0.058884
-0.231770
0.319074
0.120615
-0.647178
-0.453328
-0.235399
-0.283934
-0.253191
-0.671086
0.172018
-0.283046
-0.008443
-0.228702
-0.094625
-0.165831
-0.458412
0.066095
0.025616
-0.044234
0.407484
-0.052260
0.332484
-0.256963
-0.126839
-0.127744
-0.008125
-0.171780
0.277424
-0.271651
-0.383608
0.132204
0.149354
0.150091
0.041904
0.125155
-0.148908
0.012497
0.148000
-0.113997
-0.174334
-0.167890
0.229976
0.307041
0.133081
-0.233761
-0.124909
-0.268942
-0.485696
-0.381123
0.121837
-0.286495
0.006640
0.141281
-0.132512
-0.217747
0.282148
0.027912
0.048751
-0.458305
-0.471551
-0.005052
0.418291
0.165509
0.271604
0.256188
-0.036509
-0.208881
0.525383
-0.316531
-0.631805
-0.392363
-0.314592
-0.501711
0.241295
-0.191725
0.028012
-0.334327
-0.064206
0.439172
0.175934
-0.222741
-0.059318
0.107111
-0.243314
-0.058455
0.244598
0.192650
-0.030721
-0.023507
0.148390
0.295175
-0.143050
-0.281389
-0.271990
-0.315578
-0.199711
-0.263721
0.315432
-0.445982
-0.183131
0.232664
-0.055348
0.059149
-0.497097
-0.047237
0.195351
0.190173
0.294758
-0.190878
0.034308
-0.176232
0.040523
-0.262006
-0.261011
0.178034
0.205260
0.367942
0.040901
0.417138
-0.049603
0.469286
0.201971
-0.485007
-0.238302
-0.056023
0.012761
-0.148183
-0.036620
-0.189273
0.103848
-0.135146
-0.295207
0.175933
0.056015
-0.099092
-0.120855
0.114762
-0.408429
0.191365
-0.428184
-0.474477
0.037638
-0.449753
-0.045317
0.214376
0.158624
0.065483
0.039858
0.268224
0.139115
-0.502487
0.038581
0.231093
-0.330389
0.303761
-0.516346
0.014385
-0.102291
0.313688
-0.178781
0.208214
-0.305248
0.113032
-0.062938
-0.190887
-0.451085
0.093225
0.366404
0.067077
0.193988
-0.327278
0.270849
-0.249485
-0.401698
0.005486
-0.129517
-0.192304
-0.218158
0.194694
-0.471560
-0.444922
-0.078081
0.098840
-0.172638
0.162358
0.153189
-0.268895
-0.151595
-0.356659
0.026344
0.416230
0.270284
-0.007191
0.045836
0.009834
0.143994
-0.013687
-0.579787
0.139821
-0.059113
-0.280760
-0.261759
-0.082401
-0.075589
-0.069443
-0.303364
0.136992
0.394588
-0.070700
-0.188666
0.214748
-0.483082
-0.053948
0.051016
-0.357792
-0.128262
-0.176752
0.124606
-0.438385
-0.040019
-0.311276
-0.183794
-0.457813
0.312163
0.131154
0.224523
0.331879
-0.053330
-0.683013
0.145631
-0.245453
-0.136199
-0.197020
-0.105022
0.287914
0.014716
0.019047
-0.169134
-0.284805
0.021202
-0.145273
-0.388524
0.021628
0.191682
0.466924
0.194351
-0.179215
-0.236467
-0.135372
-0.419965
0.111086
0.024258
0.019967
-0.393299
0.265109
-0.072588
-0.416332
0.011366
0.251570
-0.109072
0.072751
-0.201863
-0.021591
0.119071
0.132992
0.344648
-0.427253
-0.030860
-0.278423
0.191470
-0.272717
-0.279107
-0.483153
0.248110
0.293492
0.273826
0.213907
-0.489860
-0.204127
0.330455
-0.035447
-0.178001
0.410629
-0.348083
-0.028005
0.007496
0.033480
0.046595
-0.233704
-0.060565
-0.219187
0.376391
0.024095
-0.273537
-0.009070
0.052778
-0.279598
-0.495250
-0.210973
-0.105562
0.640033
-0.120060
0.342598
0.393828
-0.076468
-0.060912
-0.426000
-0.405706
0.301673
0.044353
0.023908
0.110537
0.017507
-0.341638
-0.041345
0.023441
0.221355
-0.282315
-0.343648
0.147441
0.205624
0.027832
-0.033217
0.263172
0.056601
-0.149036
-0.211628
0.156720
-0.140242
0.030826
-0.029815
-0.034252
-0.220948
-0.073594
-0.007523
0.071770
-0.206831
0.157734
0.098866
-0.239937
-0.298447
0.093430
-0.197191
0.224446
0.039516
-0.143831
-0.208825
-0.203892
0.252920
-0.065106
-0.451866
0.031826
0.137090
-0.307328
