10
512
0.399415
-0.077697
0.262788
0.545337
0.047850
0.240375
-0.106071
-0.273635
-0.267338
-1.255697
0.123243
1.015446
0.277391
2.370068
-0.028792
1.428121
0.016288
0.090126
-0.081226
-0.193819
-0.014072
-0.182673
-1.528638
0.279674
0.917353
-0.099902
-0.094190
-1.564541
-0.132303
0.027486
0.111712
-0.192231
0.039579
0.221502
-0.137727
-0.255171
0.159319
0.070366
-0.065096
-0.263390
0.173867
-0.208119
0.243438
0.183298
0.049713
-0.107075
-0.195701
0.835555
-0.295937
0.176178
-0.234995
0.006060
-0.151522
-0.193902
0.102154
-0.174071
0.098278
-0.311779
0.781161
-0.253246
-0.189052
0.277739
-0.093405
-0.321560
-0.021750
0.253840
-0.051400
-0.084292
0.170720
0.505676
-0.053208
0.050732
-0.127648
-0.114275
0.645030
0.010997
0.173499
0.655796
-0.039669
0.184421
0.221372
0.066840
-0.020740
-0.248595
0.269159
-0.101969
-0.130250
0.179717
-0.048686
-0.300274
0.278405
0.259061
0.050025
0.002076
0.268903
-0.252545
0.050587
-0.473382
0.147534
-0.107320
-0.096061
-0.198881
-0.227840
0.002195
0.051453
0.193358
-0.069768
0.032150
0.022725
0.200272
0.086875
-1.111571
0.033129
-0.282061
0.004715
0.393689
0.351687
-0.246174
0.115690
-0.151613
-0.219014
0.041873
-0.067208
-1.800298
-0.100929
-0.100251
-0.124045
0.286733
0.215248
-0.287389
-0.155750
-0.103122
-0.129554
-0.005473
-0.120345
-0.229087
-0.127647
0.098109
0.544783
-0.243456
0.149187
-0.070624
0.216748
0.001925
-0.486900
0.073591
-0.569507
0.026849
0.997672
0.235071
-0.340530
0.857841
0.096713
-0.086828
0.065917
-0.282843
0.205434
0.080706
-0.351569
0.195106
0.202981
0.036832
0.513750
-0.067596
-0.244223
0.155632
-0.001969
0.070041
0.026398
0.000297
-0.274450
-0.094740
-0.248431
0.218268
0.222898
-0.263854
0.111172
-0.081413
0.502936
-0.053843
-0.101954
0.240025
0.139401
-0.281534
0.004747
-0.257874
-0.154410
0.480784
0.233824
0.014480
-0.086903
0.195593
-0.261723
-0.275433
-0.224424
-0.059463
0.191862
0.245201
-0.165847
0.268964
0.099488
-0.118662
-0.342629
0.134957
-0.021334
-0.299560
0.225669
-0.181658
-0.098678
0.233773
0.095363
-0.043595
0.156857
0.121365
0.276258
-0.151963
0.182585
-0.191277
-0.266297
0.125419
0.169145
-0.015855
0.107176
-0.269167
0.165345
-0.260752
-0.008793
0.079250
-0.196274
0.176280
0.032476
0.883476
-0.123839
0.059563
0.151036
0.184445
0.074165
0.189359
-0.273407
-0.300636
0.100508
0.305778
0.261306
0.143295
0.106996
-0.327583
-0.196626
-0.018877
-0.005923
-0.108539
-0.067554
-0.116750
-0.286434
-0.145374
0.041961
0.202851
-0.010738
-0.245085
0.158257
0.186945
-0.244034
-0.104061
0.127377
-0.008444
-0.266678
0.099103
-0.099899
0.204008
0.111922
-0.081189
-0.321895
0.052002
0.071492
-0.205874
-0.114399
-0.150769
-0.165881
0.215157
0.299531
0.143706
-0.109001
-0.078711
-0.127610
0.507839
0.134392
0.222518
0.002879
-0.364211
-0.167160
-0.140210
-0.188304
0.036875
-0.292694
-0.215065
-0.327649
-0.246187
0.211002
-0.551259
-0.188359
0.068381
-0.617984
-0.060257
-0.059773
0.177658
0.090827
-0.295205
-0.266043
-0.292621
0.211337
-0.240351
-0.300586
-0.027582
0.173859
-0.117025
-0.231103
0.070356
-0.046805
0.176369
-0.210715
0.283684
-0.109261
-0.078473
0.000220
0.000818
0.080194
0.025153
0.112673
0.123858
-0.093697
-0.260119
0.035955
0.049392
0.032653
0.274225
0.504429
-0.057611
-0.325815
0.125588
0.131923
-0.258347
-0.296530
0.212912
0.087573
0.337701
-0.084370
0.156143
0.178716
0.237005
0.032730
-0.320294
-0.291373
-0.219236
0.093121
0.373381
0.101424
-0.023945
-0.080411
0.106993
-0.213204
0.129411
0.203141
0.244525
0.010497
0.093266
-0.264487
-0.251868
-0.114111
-0.065135
-0.243281
-0.264066
-0.008888
-0.229716
-0.232878
-0.066628
-0.060357
0.005001
-0.080388
-0.058939
0.131847
-0.251701
-0.019289
0.154533
-0.133338
-0.098923
-0.038608
-0.139391
0.498148
0.166307
0.247512
-0.125962
0.106008
0.260122
-0.025007
-0.158668
0.044598
0.071628
0.022993
0.254929
-0.258061
0.090224
-0.145395
0.204543
-0.280849
-0.074204
-0.079857
-0.028675
0.249623
-0.231464
-0.254598
1.306788
-0.193886
0.101279
-0.048539
0.172591
-0.147045
-0.246559
-0.318189
-0.192634
-0.237759
-0.217440
0.135502
0.213372
-0.187509
-0.170416
-0.161151
0.200611
-0.239066
0.256496
-0.352007
-0.200870
-0.082830
-0.157078
-0.141549
0.272047
0.218695
0.267835
-0.071296
0.193060
0.281381
0.069546
0.803332
-0.248166
-0.052372
-0.119208
0.278337
0.120978
-0.013396
-0.353788
-0.210904
-0.807219
0.569628
-0.264933
0.202769
0.083620
-0.033434
0.258287
-0.012316
0.071280
-0.277492
0.081139
-0.288546
0.978343
-0.291076
-0.011121
0.206737
-0.064687
-0.048016
-0.048721
-0.468158
-0.283737
-0.163327
0.100909
0.729822
0.181894
-0.176856
0.113713
0.118524
0.258901
0.199357
-0.240970
0.172908
-0.222198
-0.153066
-0.308369
0.196061
0.266793
0.060441
-0.987280
-0.014102
0.240447
-0.059943
0.190185
0.127253
-0.009632
0.003231
0.070088
0.157867
-0.156618
-0.252445
0.165052
0.191455
-0.063376
0.106220
0.105624
0.471009
-0.254143
-0.057459
0.668426
-0.279171
-0.092656
-0.046748
0.209593
0.208229
0.152651
-0.002492
0.510408
0.120487
-0.108655
-0.028011
-0.038615
-0.178166
1.417132
-0.030594
0.298790
0.063489
-0.993449
0.176656
-0.223923
-0.014192
0.256639
-0.109936
-0.083741
0.014242
-0.172610
0.734716
-0.237928
-0.400730
0.089370
-0.010915
-0.155128
-0.170552
-1.043808
0.064755
-0.208944
-0.214589
-0.238982
0.419543
-0.730398
-0.026344
0.045436
0.118359
0.104633
0.099698
-0.092226
0.096764
-0.149443
0.417676
0.089719
0.210471
-0.354949
0.060336
-0.220456
0.237350
-0.099063
0.068503
-0.234061
-0.038566
0.309277
-0.305960
-0.241576
-0.883716
-0.212531
0.028208
-0.813519
-0.045542
0.119450
-0.038740
0.040151
0.240244
0.237912
-0.225148
-0.313793
0.150330
0.190769
-0.260202
0.067517
-0.403388
0.125267
-0.126680
-1.239926
-0.190389
0.226464
0.003347
-0.252869
-0.087518
-0.249978
-0.140900
-0.312207
-0.244511
-0.123410
-0.220954
0.156323
0.160131
0.241994
-0.259836
-0.198657
0.075111
0.034072
0.149252
0.073035
0.097849
-0.279113
-0.229800
-0.056699
0.255325
0.459989
-0.294823
-0.179080
-0.229899
-0.104002
-0.114362
-0.102577
-0.036327
1.875523
0.121690
-0.558298
-0.226147
-0.203130
-0.469069
-0.148828
0.115923
-0.030008
-0.138437
-0.047925
-0.086398
-0.084711
0.216237
-0.488685
-0.232342
0.188452
0.104439
0.199022
0.262793
-0.327552
-0.164136
-0.299646
-0.040692
0.003900
-0.162118
0.164314
-0.478521
0.186609
-0.096697
0.140007
0.229779
-0.290711
1.432286
-0.296944
-0.626621
-0.292083
-0.093989
0.255500
-0.018666
0.178534
0.026289
0.224894
-2.132729
-0.332046
-0.245045
-0.103518
-0.076359
0.157462
-0.104336
-0.116049
0.218194
0.194157
-0.082184
-0.046899
-0.128495
0.206270
-0.203132
0.063763
0.102747
0.033584
-0.107122
0.001685
0.060998
-0.260013
0.148724
-0.678232
-0.821847
-0.161990
-0.224472
0.217076
-0.301957
0.260707
0.271911
-0.040209
0.001011
-0.682515
0.280154
0.265616
0.183808
-0.097875
-0.030997
0.188708
-0.234567
0.210188
-0.185511
0.096923
0.226782
-0.068368
-0.139598
0.005805
0.293045
0.181950
-0.162146
0.169631
-0.240530
-0.160365
0.202473
-0.050983
0.027350
-0.082140
-0.135592
0.172764
-0.265732
-0.176745
-0.182027
0.051764
-0.140931
-0.073145
0.010544
-0.206802
0.140886
0.296182
-0.263876
-0.258448
-0.314221
-0.118210
-0.613300
0.241555
0.176148
-0.118032
0.083840
0.295402
-0.128870
-0.235058
0.152412
-0.051890
-0.055323
0.186484
0.229467
-0.239942
0.296157
-0.195194
0.244044
-0.305769
0.073340
-0.118259
0.229364
0.266313
0.267604
0.068448
-0.172454
0.221765
0.066414
0.046433
-0.196066
0.210470
0.227845
-0.199532
0.281069
0.093289
0.083783
0.193530
0.190418
0.281444
0.287261
0.055554
-0.083628
0.056815
-0.090504
-0.019260
0.247057
0.038106
0.221198
0.317222
0.203849
0.011650
-0.008791
0.129191
0.078214
-0.043894
-0.415271
-0.369061
-0.120093
-0.250443
0.069707
0.412504
0.292226
1.364831
0.246830
0.257772
-0.086700
0.019419
0.122658
-0.226970
0.133121
1.484399
0.291216
-0.121766
0.683040
0.016659
0.165228
0.016455
-0.247666
0.101327
0.129986
0.264442
-0.219259
-0.161151
0.209672
0.200599
0.084502
-0.092774
0.251513
-0.202808
-0.005118
-0.004655
0.239031
0.110384
-0.182108
0.171737
0.178970
0.019796
0.019358
0.129410
0.257333
-0.152107
0.189014
0.230609
0.058407
-0.029729
-0.053173
-0.084337
-0.467213
0.028298
-0.177175
0.256056
0.133992
0.080096
-0.219992
0.166567
-0.053935
-0.294922
-0.244761
0.028531
-0.035698
0.204928
-0.143671
-0.100605
0.130906
0.008109
-0.097694
0.104875
-0.158019
0.253937
-0.035253
-0.187159
-0.202305
-0.146449
-0.125488
-0.328221
0.259196
0.154944
0.041190
-0.255909
0.003735
0.213669
-0.522433
-0.051265
-0.037576
-0.062197
-0.199625
-0.233294
0.115362
0.005160
0.258332
-0.231649
0.058073
-0.415487
0.111405
0.105566
0.257175
-0.278176
-0.184172
-0.056351
-0.235824
0.132475
0.060670
0.068413
-0.221429
-0.252445
0.073788
-0.263148
0.218203
-0.183714
-0.199978
0.047181
-0.225483
-0.057659
-0.314512
0.290365
-0.288108
-0.065375
-0.277705
0.137628
-0.235269
-0.351180
-0.275628
0.529349
-0.060618
0.195499
-0.026241
0.033516
-0.281795
0.157686
0.277945
-0.118074
-0.022368
0.167514
0.265442
0.084714
0.264143
0.165293
0.254822
0.239150
-0.334070
-0.241377
0.079483
-0.010754
0.429849
0.061941
-0.035297
0.198634
-0.181513
0.148689
0.148455
-0.086075
0.280471
0.220879
-0.446412
-0.097290
0.212243
0.168963
-0.239520
0.270003
0.158286
-0.272711
-0.017197
-0.024542
0.827551
0.059915
-0.534604
0.189869
-0.060000
0.296805
0.191516
0.083045
-0.124845
-0.083008
-0.243904
-0.336483
-0.194193
0.162466
-0.260027
-0.420293
0.124904
0.205679
0.299210
0.286744
0.240128
-0.018726
-0.417675
0.166625
-0.016063
-0.093766
0.251652
-0.165155
0.151908
0.062191
0.178886
0.011824
-0.173705
0.250119
0.031864
0.080676
-0.233430
-0.184365
-0.035693
0.095620
0.281896
0.176804
0.264151
-0.235245
0.164079
-0.300099
0.164739
0.009525
-0.263986
0.285837
-0.219242
-0.196546
-0.035891
-0.060984
0.602586
-0.235392
0.302500
0.129508
-0.080863
0.085369
0.104587
-0.158971
0.118777
-0.266329
-0.211251
0.540287
0.289597
-0.100813
-0.131443
-0.043106
0.288455
-0.782825
-0.052584
-0.226250
0.056437
-0.183885
-0.244795
-0.467083
0.146387
-0.036631
-0.138707
-0.236137
0.086886
0.298640
0.843281
0.189420
-0.151174
0.120746
-0.279467
0.297495
0.056278
1.015628
-0.317664
0.290092
-0.254878
-0.062568
0.201730
-0.583164
0.292277
-0.090151
0.110354
-0.213737
0.072625
-0.236300
-0.131902
-0.035945
0.752748
0.072072
0.196136
-0.271193
-0.151262
-0.128157
-0.044001
-0.224342
0.013100
-0.207141
0.282303
0.093095
-0.221428
-0.182698
-0.273326
0.116259
-0.170763
0.772288
0.119651
0.016058
-0.185920
0.055921
0.191593
-0.104020
0.303495
0.006671
0.010200
0.203286
0.260300
-0.321590
-0.526083
0.002457
0.119512
0.740768
-0.313208
0.272550
0.214136
0.103490
-0.123243
0.038113
0.263039
-0.155547
-0.065535
-0.274054
0.134888
0.306009
0.315854
-0.175031
0.155767
0.119360
0.144540
-0.189755
-0.020761
0.344662
0.044016
0.088636
-0.074046
-0.139989
-0.024193
0.178957
-0.115387
0.307109
-0.178834
-0.184537
0.097222
-0.180048
-0.032624
-0.163398
-0.209040
0.340342
-0.151857
0.152864
0.084993
0.135168
-0.090070
-0.284275
0.134411
-0.120297
-0.153317
2.244714
-0.156062
-0.169759
-0.250991
0.149486
0.223827
0.244714
-0.079431
-0.061917
-0.186237
-0.267277
0.339394
0.165474
-0.145196
-0.076129
-0.404261
-0.335677
0.214172
0.108265
0.150790
-0.312051
0.321457
-0.294148
-0.966694
0.165425
0.150842
0.099951
-0.325960
1.188404
-0.199375
-0.029443
0.590987
-0.005682
0.141003
-0.001838
-0.206751
0.152570
-0.095875
0.206692
0.366880
0.191687
0.284623
0.059763
0.020691
-0.174330
0.271597
0.185909
-0.017172
0.197653
-0.020662
-0.207707
0.201637
-0.226988
-0.050854
-0.251272
0.135360
-0.206028
0.181545
-0.224111
0.223702
-0.177971
0.214080
-0.010192
0.100930
-0.955079
0.731997
-0.243589
0.006797
0.050380
0.285838
-0.213609
-0.099896
0.252161
0.160278
-0.239097
-0.106409
0.173146
-0.216476
-0.304466
0.152338
0.056566
-0.029747
0.042687
0.173201
0.271227
0.146346
0.231885
-0.241951
0.327348
-0.183646
-0.158099
0.277000
-0.285346
0.149645
0.063078
0.096587
0.257691
0.276471
-0.063826
0.109841
0.254673
0.043658
-0.145047
-0.301463
-0.087751
1.084823
0.052704
-0.085068
-0.211126
0.070387
-0.215101
-0.020240
-0.261184
0.269982
-0.033888
-0.282164
0.129523
-0.126145
-0.055439
0.084938
0.053824
0.231732
0.022612
0.082938
0.069049
-0.055697
0.021397
0.154277
-0.068708
-0.219454
0.076665
-0.012147
0.280686
0.295831
0.022443
-0.077871
0.093938
-0.230486
0.291680
-0.034509
0.309859
-0.135519
-0.235952
-0.109213
-0.124719
0.057146
0.047582
-0.339088
-0.236101
-0.314959
0.217659
0.260784
0.224110
-0.045215
0.212064
0.125019
-0.295395
0.021216
0.086692
0.118807
0.226689
-0.118270
-0.228789
0.124579
0.303469
0.263756
-0.892664
-0.229697
-0.280115
-0.035776
0.198900
-0.179636
0.151072
0.297629
-0.328068
-0.267694
0.196669
-0.407051
-0.156156
-0.230549
0.031879
-0.225994
-0.234680
0.088320
0.153281
0.269821
-0.081786
0.197756
0.150948
-0.165687
-0.019537
-0.022157
0.142969
0.223052
-0.104852
-0.201359
0.197787
0.231659
0.017154
-0.272737
-0.137489
-0.073326
-0.111874
-0.274648
0.040256
-0.237890
-0.224329
-0.063193
0.132871
-0.038721
0.030859
-1.616915
0.055752
0.242243
0.276555
0.053517
-0.269978
0.010999
-0.025045
0.188471
0.267788
-0.230308
-0.140905
0.123636
-0.297625
0.225111
0.254717
-0.283055
0.168521
-0.016954
-0.249339
-0.286406
0.234214
0.128966
-0.193453
0.106446
-0.309839
0.054515
-0.268347
0.153850
-0.141620
0.232141
-0.223282
-0.247776
0.209009
-0.048123
0.138840
0.245803
0.288439
-0.071724
0.169869
0.305858
0.016591
-0.134645
0.115778
0.216785
-0.190894
0.204027
0.254843
-0.241236
-0.109258
-0.115220
-0.030560
-0.107575
-0.324678
0.200245
-0.217054
-0.310371
-0.058883
-0.015558
0.314033
0.117754
0.059944
-0.182904
0.184769
0.008198
0.093510
0.157719
0.064383
0.100266
-0.221345
0.026430
0.084183
0.115237
-1.653350
0.027149
0.311705
-0.063929
-0.036854
0.236394
0.211134
-0.353255
-0.178252
-0.157454
0.125528
-0.170040
-0.247338
0.229053
-0.010959
0.189665
0.052448
-0.037282
0.045619
-0.177267
0.147646
0.015857
0.250489
0.587860
-0.109185
0.159017
-0.112950
-0.010734
-0.108002
-0.214442
-0.056600
-0.058645
0.180165
0.048252
-0.285284
-0.066380
-0.155619
0.265370
-0.059313
0.011516
-0.205847
-0.220347
-0.080019
-1.952983
-0.179716
-0.075551
-0.080626
-0.257829
0.242299
-0.247534
-0.095740
0.229718
0.084484
-0.013850
0.285373
-0.263743
-0.193054
0.197542
0.211169
0.020449
-0.332675
-0.125830
-1.106857
0.164840
0.226371
-0.103358
-0.036006
-0.199934
-0.223479
0.219889
0.114449
0.018966
-0.162769
1.481650
-0.214165
0.135459
-0.420150
0.166117
0.191110
-0.034812
0.741932
-0.116473
-0.121970
0.023860
0.189183
0.164644
0.136736
-0.160715
0.073529
0.227627
0.221983
0.214169
-0.206659
-0.193611
0.087876
-0.140326
-0.007662
-0.379768
-0.036823
0.243868
-1.322334
-0.085639
0.125885
0.059671
-0.162368
0.363088
-0.110973
0.047646
0.352690
-0.220919
-0.286130
0.140349
0.007563
0.017249
-1.391898
0.017955
0.302576
-0.173220
0.700680
-0.215872
-0.864880
0.238740
-0.301828
-0.031096
-0.226409
0.234865
0.163626
1.845113
-0.213696
0.067969
0.129385
0.015021
0.939583
0.084384
-1.439159
-0.098689
0.011964
0.151394
-0.220665
-0.102873
-0.573624
-0.061326
-0.275524
0.184632
0.290655
0.020020
0.062562
0.021224
-0.315222
0.216720
0.251650
-0.124463
-0.998254
0.279981
0.290340
0.109531
-0.302923
0.154729
0.010728
-0.069064
-0.064452
-0.012912
-0.239323
-0.096854
-0.257630
0.025640
0.536100
0.215605
-0.025322
0.285872
-0.052928
0.166937
-0.107550
0.135721
0.025431
-0.138843
-0.020802
-0.191623
-0.294867
-0.084919
0.217815
0.305754
-1.936601
-0.208948
0.366648
0.304253
-0.270261
-0.230430
0.270592
0.090034
0.017551
-0.099343
-0.109087
0.110615
0.219968
0.095098
-0.003686
0.040111
0.124459
0.253766
0.026492
-0.242099
0.181061
0.250939
-0.311012
0.021523
-0.063976
-0.007057
1.080335
-0.025909
-0.185475
0.178207
-0.035860
-0.204619
-0.217647
0.068169
-0.639348
-0.138329
1.002460
-0.259991
-1.131193
-0.484171
-0.035134
0.103364
-0.040441
-0.169040
-0.132803
-0.259728
-0.446424
-0.308824
-0.174876
0.048043
-0.106732
-0.224397
0.110097
-0.099451
0.096538
-0.253156
-0.278860
0.263932
0.182950
-0.148435
0.068267
-0.478847
-0.020249
0.181741
-0.269944
0.111573
-0.142820
-0.537443
0.185175
-0.436960
0.180343
-0.286725
-0.273424
-0.061894
0.126015
0.039300
-0.006102
0.828708
0.188331
0.148572
-0.011056
-0.246665
0.224133
-0.233069
-0.000481
0.330544
-0.023538
0.184210
0.056349
-0.172254
-0.280156
-0.080272
0.139480
0.048964
-0.198311
0.186209
-0.042067
-0.025003
-0.285089
-0.043360
-0.047328
-0.262440
0.237435
-0.097921
-0.148530
0.162635
0.274452
0.308456
0.253539
0.132695
0.721624
-0.950205
-0.265051
0.178338
0.155486
0.182189
0.159262
-0.200555
0.049531
-0.102918
-0.040155
0.086515
0.426916
-0.070005
-0.049851
-0.231367
-0.216520
0.233245
0.190933
-0.038526
-0.086054
-0.249618
-0.154720
-0.035337
0.175061
0.140839
-0.154927
0.057734
0.130695
-0.217041
-0.123567
0.101645
0.137154
0.077187
-0.017389
-0.021217
-0.087350
-0.174738
0.242765
0.308100
0.189156
0.605662
0.097845
0.193509
0.152437
-0.273265
-0.210550
-0.089815
-0.201455
-0.205586
0.186595
0.042863
-0.123127
-0.157350
-0.288905
0.162969
-0.300709
0.004404
0.010707
0.146406
0.231924
-0.261371
-0.051612
0.071177
0.131677
-0.256051
-0.135767
-0.263772
0.010569
-0.177304
-0.252429
-0.096762
0.188272
0.287377
-0.074422
0.150467
-0.153743
0.015366
-0.126518
-0.024166
0.158772
-0.254872
-0.194198
-0.166967
-0.080343
-0.007611
-0.173262
-0.064264
0.289930
0.176585
-0.069929
0.216831
0.213600
-0.322688
0.112557
0.066047
-0.394764
-0.191940
0.237341
0.230231
-0.364736
-0.185366
-0.781022
-0.050210
-0.083055
0.208803
-0.068421
0.061647
-0.091072
0.122836
-0.747259
-0.101985
0.213722
1.264352
0.177831
-0.052066
-0.192870
-0.295067
-0.269472
-0.195951
0.182777
-0.040784
-0.136490
0.103897
0.122840
-0.262329
-0.034703
0.315637
-0.082463
-0.094840
0.214160
0.160625
0.180737
-0.118408
-0.075452
-0.217606
-0.237939
0.188724
0.180432
0.131175
-0.002906
-0.141016
-0.157020
0.025272
-0.307563
-0.279408
-0.333488
-0.547451
-0.258833
-0.284765
0.215691
0.256057
0.138040
-0.237955
0.204368
0.066323
-0.029019
-0.016063
0.067818
0.224171
-0.282367
0.112938
0.218535
0.215586
-0.304028
-0.153663
-0.453479
-0.098752
-0.154362
-0.311509
-0.250930
-0.332467
-0.010068
-0.075332
0.020156
0.132467
0.108473
0.150935
-0.226915
0.183431
-0.286625
-0.250282
0.270772
0.167840
-0.095130
0.289956
0.082357
0.251656
-0.043341
-0.147109
0.160612
0.154835
0.733070
0.233840
-0.041469
-0.207566
-0.242967
0.186117
0.042784
-0.133372
-0.281673
0.222213
-0.063847
0.011779
-0.038867
-0.213920
-0.155787
-0.243142
0.270653
-0.070683
-0.246921
-0.193684
0.067195
-0.280126
-0.186688
-0.186866
-0.302592
0.196963
-0.261185
0.101188
-0.477836
-0.266885
1.127266
-0.139403
0.294425
-0.173409
0.117414
-0.177737
-0.127530
-0.041067
0.149930
-0.093776
0.011877
-0.099573
0.250512
-0.309748
0.020330
-0.107568
-0.016796
0.126402
0.166429
0.101496
-0.249002
0.513442
0.162087
-0.103110
0.201027
0.306568
-0.205634
-0.245648
0.238448
-0.008729
-0.033914
0.553172
0.284602
-0.070245
0.283628
0.232513
0.257333
-0.143465
-0.123516
0.108501
-0.081885
0.704741
-0.176822
0.152180
-0.257542
-0.310877
-0.279610
0.097277
0.274077
-0.280908
-0.112949
-0.272098
0.771014
-0.126984
-0.077849
0.112982
-0.027574
0.161140
-0.318629
-0.043701
-0.143269
-0.035973
0.233395
-0.078400
-0.259630
-0.261515
-0.132614
-0.318467
-0.113981
0.181336
0.254915
0.202537
0.281552
-0.224604
1.179649
-0.165613
-0.086945
-0.190540
1.129153
-0.144767
-0.157605
-0.033788
-0.090738
-0.129485
0.276240
0.280735
0.314967
-0.021412
0.291757
-0.173028
0.218177
-0.188337
0.124246
0.282931
0.243390
1.143773
-0.316230
-0.186994
-1.086572
0.035854
-0.277152
0.115401
0.280617
-0.138371
-0.289599
0.224144
0.201093
-0.048905
-0.137942
-0.103080
0.140422
0.147282
1.395744
-0.134762
0.019346
0.314460
-0.606228
-0.162384
-0.177773
-0.055044
-0.009010
-0.025849
0.224745
-0.198299
0.080989
-1.029378
0.297185
-0.204382
-0.231036
0.300171
1.847724
-0.111394
0.170397
0.066920
0.079832
0.164587
0.116781
-0.154398
0.202460
0.304612
0.192669
-0.121508
0.134470
0.196210
0.193484
0.308710
0.295844
0.930387
-0.166187
0.060217
0.745450
0.138715
-0.284081
0.138277
-0.232024
0.254552
0.129531
-0.118412
0.297984
-0.268931
-0.139987
-0.453015
0.118992
-0.189543
-0.915401
0.023373
-0.221079
0.272672
0.200171
-0.047894
0.253591
0.084727
0.293550
0.216724
0.089253
0.123421
0.199272
-0.068585
-0.196856
-0.130601
0.295770
-0.263846
-0.294210
0.005836
-0.280111
-0.088023
0.064316
-0.312532
0.111959
0.055425
-0.133337
-0.196718
-0.219149
0.313650
-0.133823
0.073385
0.151734
0.037693
0.042161
0.159159
-0.028934
0.116097
-0.068841
-0.164897
0.140611
-0.158531
-0.934317
0.157665
0.253913
0.018560
-0.277130
-0.108133
0.069169
-0.107709
-0.306491
0.260351
0.652783
0.099977
0.716880
-0.346414
-0.023741
-0.051589
0.203240
0.231705
-0.071469
-0.167276
1.206328
-0.084673
-0.309129
-0.274114
-0.232406
-0.078046
0.286802
0.158641
0.189124
0.128042
-0.316015
-0.243670
-0.013977
-0.250702
0.121188
-0.149393
0.104329
-0.109108
-0.249444
0.145118
-0.035882
-1.036584
0.069401
0.101615
0.087848
-0.304242
0.311594
-0.027713
-1.451388
0.066979
0.244224
0.310057
0.306154
0.280168
0.281428
-0.123646
0.006237
0.250547
-0.272503
-1.246752
0.206957
-0.131369
0.136857
0.011241
0.066964
-0.066429
-0.122454
-0.124614
0.283860
-0.050695
-0.176150
-0.066747
0.095755
-0.287098
0.328900
0.110368
-0.101749
0.301768
0.183577
-0.002559
0.064703
0.255465
-0.199333
0.177693
0.537550
0.030456
-0.240641
-0.079878
-0.025963
-0.061304
0.275377
-0.145063
0.251837
0.097543
-0.312714
0.008304
-0.332122
-0.114107
-0.296459
-0.177328
0.277871
0.072029
0.079915
0.073631
0.033362
0.207275
0.266933
-0.256153
-0.718671
0.254926
0.086287
0.198270
0.209228
-0.295682
0.065022
0.262268
-0.073484
0.285613
0.028184
-0.299341
0.032524
0.097463
-0.111771
-0.024401
0.021449
0.119977
-0.201924
0.210465
0.545717
-0.046772
-0.259472
0.230544
0.269382
0.263974
0.118203
0.125134
0.297517
0.191284
0.205730
0.307729
0.155967
0.108305
0.204920
0.175111
0.260136
0.071922
0.267284
-0.003472
0.188798
0.089995
0.013677
-0.098240
-0.151407
-0.262690
-0.299850
0.232759
-0.026623
-0.044552
0.268260
0.031311
0.241383
-0.316603
-0.046816
-0.297598
-0.214300
-0.242819
0.142831
-0.243916
0.277592
0.169920
-0.240438
0.245424
0.095416
-0.228692
0.264403
0.151878
0.169013
0.205802
-0.149729
0.048768
0.446497
0.198256
-0.238494
-0.308154
-0.001847
-0.214097
-0.244173
0.042925
0.063761
-0.306509
-0.235878
0.106497
-0.173434
0.162875
0.634876
-0.060956
-0.245300
0.335515
0.017517
-0.155405
-0.055989
0.236080
-0.206432
-0.147427
-0.312997
-0.132568
-0.278972
-0.321787
-0.101634
-0.108635
0.044354
-0.289822
-0.105121
0.263749
-0.162622
-0.041553
-0.128148
-0.091126
-0.179447
-0.256947
0.041783
0.046074
0.179982
0.202364
0.039175
0.004266
-0.046075
0.107389
-0.207532
-0.205272
0.272926
0.833850
-0.275597
-0.113946
-0.268109
-0.260988
0.212116
-0.228476
-0.253966
-0.203737
0.150448
0.236793
-0.036475
-0.171807
-0.309007
0.128368
0.111051
-0.113686
-0.132814
-0.254110
0.092339
-0.274955
0.253524
-0.034849
0.261914
-0.026065
-0.297285
0.041935
-0.101561
0.023935
0.168259
-0.003975
0.017867
0.213486
0.221966
0.092538
-0.226936
0.245684
-0.319247
-0.029978
-0.100195
0.256425
0.026515
0.175721
-0.215042
0.057648
0.171146
-0.329819
-0.227416
0.304040
-0.209340
0.209713
-0.265759
-0.132657
-0.053540
-0.198414
0.176971
0.179254
0.293742
-0.233620
-0.102875
0.149486
0.096838
0.276686
0.172560
0.187802
0.144344
-0.217844
0.216916
0.287880
0.064415
-0.220675
-0.278189
-0.086663
0.789879
-0.183756
-1.483986
0.216224
-0.136999
-0.122663
0.234517
0.013717
-0.123310
-0.231230
0.301650
0.151872
0.029738
0.299134
0.026484
0.160453
-0.109556
-0.271619
0.002990
-0.186305
-0.196590
0.002060
-0.222101
-1.157040
0.115502
-0.312665
-0.243385
0.001747
-0.202508
-0.202551
0.241978
-0.102320
0.083279
-1.180510
-0.193002
-0.247824
0.040105
-0.141346
-0.325942
0.243811
0.072590
-0.189804
1.888661
0.559716
-0.212371
-0.039776
-0.212198
0.154745
0.100932
0.247716
0.291366
0.224015
-0.062854
-0.243318
-0.486046
-0.122771
-0.111135
-0.243854
0.142186
0.135250
0.001779
0.220406
0.053107
-0.099332
-0.216230
-0.152984
-0.007629
0.258734
0.279592
-0.017331
-0.293730
0.176919
0.115815
0.635486
-0.184797
-0.263236
-1.165876
-0.072690
0.208272
-0.231237
-0.568201
0.171346
0.313895
0.252046
-0.249142
0.299252
-0.193001
-0.036293
-0.109747
-0.172212
-0.064990
-0.279552
-0.234043
0.091774
-0.052656
0.007544
-0.097704
-0.853976
0.101061
-0.123849
0.558105
0.136857
-0.247756
-0.005519
0.065547
0.069032
0.037189
-0.156966
-0.386293
0.089745
-0.044113
0.070468
0.087949
0.063873
0.082947
0.142364
0.526779
0.371314
0.140510
-0.112507
-0.476167
0.183437
-0.047229
-0.020418
0.121125
-0.280383
-0.169659
0.142748
-0.080293
0.057709
0.011729
-0.210036
0.391571
0.227191
-0.066582
-0.021687
-0.056228
0.008702
0.162756
0.137752
0.216376
-0.055935
-0.113780
0.171903
-0.159359
0.220664
0.168025
-0.263434
0.198473
-0.509313
0.071776
-0.195500
-0.007898
-0.131327
0.101283
-0.250285
-0.095687
0.277186
-0.090301
0.144103
0.222416
0.289630
0.243376
0.249326
-0.307306
0.214073
-0.185845
0.109481
0.027404
-0.213130
-0.049031
0.268355
0.151219
0.173686
0.343522
-0.188116
0.095929
0.171065
-0.017752
0.433185
-0.068519
-0.204197
0.489068
0.188402
-0.021603
0.059768
0.281493
-0.329338
0.155235
0.062314
0.262005
0.179471
0.170396
-0.281404
-0.005088
0.201585
0.300484
0.222052
-0.001183
0.129755
-0.281154
-0.242743
0.340012
-0.293619
0.228737
0.134327
-0.170493
0.148889
0.692249
0.154743
-0.011809
-0.264753
-0.232938
0.020658
-0.262348
0.093657
-1.214265
-0.238706
-0.062641
-0.272183
-0.361064
-0.280058
0.255110
0.125301
0.279328
0.069583
-0.013068
-0.257172
-0.825658
-0.174694
0.218460
0.156526
-0.095921
0.051986
0.192811
-0.029747
-0.026962
-0.135182
-0.188599
-0.101562
-0.140099
0.241774
-0.014848
-0.436515
-0.019315
0.072708
-0.121032
-0.267997
0.284100
-0.607695
-0.073629
-0.127551
-0.161020
-0.354679
0.178665
-0.091084
-0.759584
-0.016780
-0.020642
0.428390
0.145727
0.046304
-0.062272
-0.160537
-0.116118
-0.079952
0.156674
0.301147
0.261124
-0.184219
-0.146607
-0.210987
-0.255378
0.258585
0.238323
0.218877
0.176215
-0.061245
-0.262887
0.268323
0.191703
-0.012571
-0.447464
-0.256063
-0.325307
0.192568
0.111314
-0.249934
-0.114075
-0.200598
0.306304
-0.174119
1.184692
-0.322186
0.034516
-0.265028
-0.307708
0.012747
-0.207779
0.242634
0.145937
0.080116
-0.127954
-0.292327
0.106842
-0.053889
0.238400
-0.086663
0.178016
-0.288544
0.003759
0.219010
0.048768
0.042206
-0.248616
0.180725
-0.109623
0.161670
0.300422
0.243597
-0.220528
0.292577
-0.241528
0.287674
0.020051
0.250993
-0.140031
0.148604
-0.055154
-0.038139
0.107707
-0.206507
-0.241725
-1.892759
-0.158849
-0.323484
0.861413
-0.095552
0.073748
0.138590
0.079035
-0.240230
0.171167
-0.030441
0.149856
0.219503
-0.142222
-0.118706
0.116634
-0.021004
-0.205240
0.210440
-0.045901
-0.093439
-0.289659
-0.193641
-0.120559
-0.109772
0.270371
0.274376
-0.321243
0.244945
-0.092406
-0.090225
-0.216616
0.202897
0.059370
-0.313960
-0.177612
-0.210276
0.280626
-0.258260
0.054551
0.141453
0.136345
-0.011082
0.201193
-0.298254
0.216579
-0.002311
0.105721
-0.147812
0.081437
-0.232670
0.207203
0.082987
0.013318
-0.083056
-0.448210
0.004637
-0.123288
-0.049003
-0.026463
0.125076
-0.303933
0.166390
0.014660
0.078065
-0.305530
0.254017
-0.325191
-0.263037
-0.262852
0.200556
-0.209680
0.832934
-0.119574
-0.334072
-0.325468
-0.059747
0.030903
0.244417
0.091716
-0.091749
-0.147431
0.009369
-0.278849
0.156230
-0.256591
-0.021501
-0.130406
-0.035101
-0.279974
0.233009
-0.202130
-0.238930
0.217415
0.249417
0.253837
0.247320
0.221694
-0.224880
-0.254044
-0.257743
-0.339188
-0.143111
-0.258027
-0.113550
-0.149199
-0.038714
0.283778
-0.303431
-0.185537
0.218811
-0.045397
-0.011137
-0.049497
0.126404
-0.023696
0.007495
-0.071750
-0.303513
-0.192051
-0.015094
0.263256
0.055334
0.220857
0.193229
-0.012902
0.158672
0.270459
0.064322
0.303958
-0.292491
0.235237
-0.190740
0.015389
-0.316491
0.042689
-0.297867
0.000136
0.159052
-0.097299
0.298930
0.083641
-0.335607
0.115809
-0.148725
0.283161
-0.155622
-0.324413
-0.083387
-0.150037
-0.142304
-0.210182
-0.171745
0.215221
-0.252019
-0.141601
0.088208
0.279313
-0.231786
-0.049800
-0.267676
0.027530
-0.108745
-0.133627
-0.115973
0.049186
-0.277139
-0.064347
-0.268339
0.206328
0.293185
-0.282305
0.129643
-0.311177
-0.324686
0.296514
-0.236407
-0.167356
-0.334148
0.428071
0.149814
0.964954
0.197900
-0.283046
0.041265
0.306272
0.195088
-0.152701
-0.260673
-0.275702
0.139749
-0.046422
0.073392
-0.128337
0.193049
-0.334371
0.211088
-0.450248
0.071875
-0.192537
-0.216724
0.204169
0.295839
0.258818
0.233256
0.017784
0.247635
-0.290952
0.164764
-0.247300
0.182136
0.058435
0.297765
0.187126
0.197119
-0.214443
-0.299846
0.053859
0.108863
-0.244125
0.129971
0.336732
0.403079
0.014145
0.268991
0.091434
0.182826
0.151519
0.303896
-0.027092
-0.206026
-0.226779
-0.120227
0.309045
-0.294367
-0.094392
-0.189288
-0.114982
0.069032
-0.207228
-0.123322
0.242907
-0.333872
-0.275856
-0.696713
-0.269981
-0.134388
0.103094
0.230855
-0.218069
0.224102
0.069243
-0.650549
0.249187
-0.048534
0.429849
0.035733
-0.192674
0.119927
0.264455
0.066644
0.236821
0.268749
-0.214759
0.140250
-0.328141
0.146422
-0.203525
-0.053914
-0.050860
0.066063
0.270921
-0.178006
0.073048
-0.292630
0.151027
0.785848
0.014823
-0.044011
1.204091
0.141618
-0.001880
0.059564
0.018089
0.225237
-0.295753
-0.018450
-2.068459
-0.035427
-0.075949
0.262450
-0.253371
-0.030161
0.888634
-0.015623
-1.690890
-0.298858
-0.492047
-0.068275
0.745049
-0.261522
-0.313146
0.086745
-0.093833
0.213654
0.119088
-1.034731
0.280560
-1.433502
0.268372
0.290816
-0.070518
-0.029922
0.541160
-0.306596
-0.285615
0.227860
-0.006604
-0.085582
-0.944680
-0.263313
0.027124
0.071379
0.026075
0.059833
-0.120337
0.169778
0.243204
1.129629
-0.080493
0.191037
0.698421
0.046711
-0.039365
-0.039998
-0.043805
-0.227049
0.136111
0.052456
0.068543
0.099401
0.027309
-0.006097
-0.127153
-0.079817
-0.100969
0.034264
-0.171249
0.176769
0.305371
0.156986
0.226584
0.147993
-0.346286
0.090000
0.027741
0.242352
0.053153
-0.075104
0.222765
0.302044
0.433115
0.135259
0.158703
0.255441
-0.097544
-0.055884
-0.156190
-0.263111
-0.316433
-0.268462
0.154048
0.038069
-0.202115
-0.287228
0.293390
-0.200962
0.063936
-0.076261
-0.202258
0.180868
0.055108
-0.159950
0.144441
0.141755
0.229723
-0.012650
-0.162520
-0.020477
-0.226667
0.106182
0.090900
0.052844
-0.076160
0.092497
0.620933
0.287267
-0.632810
0.281324
0.109196
-0.814649
-0.305580
0.180552
0.226647
-0.098424
-0.296521
0.193843
1.977568
0.220131
-0.024875
0.269431
0.218444
0.036923
-0.074048
0.056211
-0.014141
-0.023898
-0.273667
-0.152702
0.269730
-0.056243
0.299146
0.741544
-0.176601
0.043725
-0.039329
0.269602
0.014642
-1.057147
-0.263319
1.602424
0.194236
-0.256614
0.038598
0.097747
-0.363355
0.189690
0.110189
0.984989
0.261006
-0.130197
0.161669
0.123855
-0.286197
-0.229781
-0.005801
-0.035423
0.070134
0.176329
0.222614
0.153514
-0.192369
-0.303200
0.160304
0.084177
0.065727
-0.192440
0.032110
-0.234324
0.257826
0.220635
0.440638
0.586881
-0.209213
0.114102
0.190853
-0.291644
-0.004749
0.118074
0.110163
-0.096387
0.899925
0.477369
-0.146391
-0.293280
0.050069
0.168947
0.058676
-0.071336
0.160956
0.095156
-0.226944
0.284008
0.174832
-0.248303
0.185697
-0.006464
-0.126997
-0.095724
0.080725
-0.044613
-0.173715
0.160335
-0.086155
0.053492
0.014147
-0.089869
0.103193
-0.232129
-0.283686
-0.100700
-0.011096
-0.286038
0.312492
0.165035
-0.250779
0.163264
0.153013
0.246615
-0.207903
-0.005993
0.033028
0.132872
0.103512
-0.025326
-0.380804
-0.029845
0.296923
-0.215824
-0.295842
0.189288
0.186871
-0.149005
0.171620
-0.225127
-0.262130
-0.182808
0.011678
0.160408
-0.095535
0.173747
-0.126780
-0.301014
0.210937
-0.137529
-0.301511
-0.229160
-0.159047
0.159348
-0.288813
0.087285
-0.022628
0.211260
-0.206028
-0.236463
-0.010716
-0.308319
0.185426
0.095211
-0.073526
0.214830
-0.016646
-0.201645
-0.124276
-0.167867
0.026504
-0.063318
0.101099
-0.146047
-0.090731
-0.180779
-0.270864
0.148861
-0.166978
0.251399
-0.223085
-0.068889
-0.309405
-0.054715
-0.160010
-0.134180
-0.245530
0.135802
-0.823222
-0.040883
0.217637
0.188747
0.102336
0.086196
0.096328
-0.271111
-0.465485
-0.232796
-0.030916
-2.167095
0.051843
-0.319658
-0.064791
-0.155717
-0.144702
0.162443
-0.017421
0.033015
0.085647
0.280721
0.108949
0.228976
-0.167283
0.268166
-0.063547
-0.008361
-0.053023
-0.033844
-0.051715
0.151245
-0.257503
-0.151592
0.148558
0.292565
-0.237757
-0.059600
-0.293109
0.200708
0.154324
-0.013377
0.207889
0.025652
0.117266
0.650139
0.192262
-0.203875
-0.188993
-0.009127
0.146685
0.213950
0.099567
-0.048696
0.199679
-0.255916
-0.095005
-0.175890
0.189536
0.306258
0.249692
-0.174085
0.152872
-0.183997
0.140577
0.115644
-0.203318
0.210892
-0.120916
-0.055764
0.099370
-0.275224
-0.251979
-0.010783
0.075368
0.187260
0.254368
0.084902
0.314271
-0.065882
-0.099015
0.280520
-0.069748
-0.312228
-0.071136
-0.167378
-0.248963
0.288788
0.111412
0.272375
0.521282
0.180035
-0.203295
0.249325
-0.313219
0.235114
0.190899
0.034688
0.115012
-0.118789
0.207193
0.041798
-0.075664
0.275469
-0.149205
-0.184299
0.159899
-0.058558
-0.276544
0.332147
0.146445
0.079654
0.265432
-0.103868
0.077580
0.005273
0.175572
0.278659
0.861313
0.107177
0.593448
0.199829
-0.012252
-0.027148
0.287953
0.211692
0.031851
0.158037
-0.250570
-0.018625
-0.269739
0.277896
-0.285632
0.114729
-0.255774
-0.124894
-0.147143
-0.272335
0.263580
-0.084241
-0.297208
0.161452
-0.316052
-0.211069
-0.178080
0.213202
0.249955
-0.316520
0.183803
0.051609
0.120500
-0.297054
-0.049772
-0.080819
0.155743
0.057038
-0.272863
-0.120970
-0.098734
-0.062779
-1.286670
-1.160688
-0.103547
-0.246861
0.024512
-0.032783
0.029557
0.226872
0.148783
-0.020694
-0.169781
0.166772
-0.997909
-0.265560
-0.223959
0.033013
-0.220168
-0.287001
0.164480
-0.248567
0.287710
0.099936
-0.082409
-1.272240
-0.283429
-0.242006
0.220407
-0.109796
-0.045285
-0.095148
0.150300
-1.005152
-0.135163
-0.129491
-0.127492
-0.295997
0.290411
-0.308987
0.481245
0.117542
-0.011211
-0.234358
0.096352
-0.299207
0.047605
0.205969
0.055067
0.235900
0.244400
0.042271
-0.214133
0.135094
-0.167260
0.020336
-0.189177
0.053315
0.230269
-0.143703
0.022358
-0.120939
0.123502
0.171982
0.278592
-1.080415
-0.288622
-0.077280
0.541230
-0.279961
0.083619
-0.239805
0.282261
-0.136276
0.142226
0.062214
0.194722
-0.295201
0.437500
0.252274
-0.156716
-0.007285
0.130670
-0.152768
-0.011184
0.284248
-0.288620
0.913779
0.093483
1.141745
-0.231768
-0.027221
-1.361672
-0.277225
0.215881
-0.069080
-0.145385
0.046161
-0.310478
0.000382
1.265058
0.093221
0.180842
0.140970
0.301600
-0.168008
0.065434
0.015103
0.019773
-1.537131
0.083836
0.102712
-0.391095
-0.098200
-0.233642
-0.011048
0.021175
-0.181849
-0.075637
-0.199456
-0.234138
0.054208
0.086760
0.440538
0.084611
-0.082825
0.516450
0.275331
-0.259698
-0.192561
0.088369
0.264434
0.195940
-0.026103
0.491361
-0.311320
0.334726
-0.004077
0.005055
0.114767
0.160842
-0.049261
-0.686539
0.154972
0.178856
0.146642
-0.151671
-0.126137
-0.219786
0.136328
-0.007221
-0.146395
0.007931
-0.078412
-0.291540
-0.205655
0.140295
-0.189067
-0.115751
0.231083
-0.041093
-0.212420
-1.108642
-0.142842
0.185473
-0.212228
-0.017177
0.281639
0.805000
-0.174339
0.111572
0.076721
0.093802
-0.056528
0.044113
0.124902
-0.403806
0.256944
-1.408106
-0.133935
0.056377
1.743356
0.194282
-0.101370
-0.200486
0.231352
0.118119
-0.209806
-0.271810
-0.159342
-0.155075
0.160841
-0.055249
0.028894
-0.166697
-0.021182
0.103820
0.156120
-0.064370
0.159736
-0.179484
-0.143029
-0.070000
0.788870
0.142210
-0.311498
0.061703
0.274168
0.258730
1.215311
-0.023350
1.499989
0.076271
-0.102860
-0.002155
-0.331557
1.460116
-0.066718
-0.097618
0.618586
0.096081
0.234625
0.085020
-0.154060
-0.080186
-0.286683
0.151396
-0.525120
0.210251
-0.071611
0.245231
-0.313632
0.106074
-0.159554
-0.212399
-0.021542
-0.130953
0.300391
0.044200
-0.056761
0.199506
-0.161132
-0.035520
-0.023185
0.276939
0.233958
0.236616
-0.002616
-0.124816
-0.022237
0.076398
-0.218910
-0.861145
-0.353216
0.116716
0.137897
0.028769
0.089787
-0.289483
0.031561
-0.297687
0.277172
0.196264
0.256328
-0.386625
-0.310447
-0.085275
0.135823
-0.228263
-0.176560
-0.231201
-0.176286
0.133753
0.024994
0.206814
0.087243
0.317056
0.261855
-0.044230
-0.238908
-0.068766
-0.281244
-0.140638
0.170060
0.151966
-0.298854
0.155199
-0.165374
0.097391
0.172757
-0.299334
0.238753
0.283029
0.163672
0.211182
-0.164184
-0.184874
-0.060866
-0.314999
-0.104086
0.085684
-0.101727
0.036786
-0.072707
0.264399
0.064348
-0.265773
0.154298
0.057939
0.141295
0.226940
-0.327675
0.176141
-0.101918
0.315567
0.002104
0.064475
0.144413
0.284260
-0.052017
0.136013
-0.278303
-0.100341
0.161497
0.308706
-0.081273
-0.195745
-0.259253
0.199140
-0.086780
0.087135
0.123498
0.177034
-0.193129
-0.281629
0.101971
0.214633
-0.080271
0.093382
-0.041706
-0.173444
0.013169
0.127875
-0.276977
-0.261186
0.101530
0.179725
0.135315
0.196513
0.305917
-0.089236
-0.071107
-0.509735
0.147225
0.233861
-0.163019
-0.116338
0.019946
0.115253
-0.253203
0.244266
-0.180410
-0.671843
0.127617
0.126182
-0.168328
0.048452
0.022572
0.104540
-0.018384
-0.145440
-0.206973
-0.216254
-0.239308
-0.134153
-0.122085
-0.279031
-0.198306
-0.165505
0.125869
-0.147712
0.071891
-0.154434
-0.012457
0.067196
0.208271
0.144418
0.267348
-0.113995
0.028955
-0.141700
-0.028304
-0.403619
-0.122146
-0.088580
0.122602
0.089387
-0.202747
-0.034728
0.115620
0.100147
0.255672
0.142949
0.220558
-0.285158
-0.175344
-0.040535
-0.109518
0.026671
0.109370
-0.167381
-0.327395
0.029370
0.026929
-0.004190
-0.214724
-0.052530
-0.019702
-0.224808
0.279538
-0.305797
0.193504
0.109422
-0.173238
-0.282400
-0.269267
-0.230225
0.292043
-0.000058
0.075008
-0.009734
-0.195639
0.192449
-0.037221
-0.128207
-0.269164
0.132009
0.150960
-0.010597
-0.006400
0.070798
0.177458
-0.035964
-0.157294
0.085905
-0.333469
0.055183
-0.221070
0.132726
0.314026
-0.211629
0.205686
0.159184
-0.308665
-0.166084
-0.269210
-0.258058
-0.060014
-0.271696
0.058952
-0.147430
0.161740
-0.328096
-0.363452
-0.032935
0.023924
-0.170992
-0.246616
-0.141015
0.247420
0.245893
-0.244639
0.001021
0.060091
-0.928023
-0.174283
0.113870
-0.306616
-0.025312
0.032261
-0.166246
0.186867
-0.045905
-0.170245
0.218188
0.234723
-0.099884
-0.177577
-0.115486
0.053424
-0.279219
0.083724
0.078239
-0.289348
0.292345
-0.785406
0.217418
-0.173588
0.030486
-0.231843
-0.215561
-0.037593
-0.010477
-0.268717
-0.243637
1.151828
-0.119445
-0.338186
-0.253980
-0.301605
0.056630
0.049916
0.197789
-0.146531
0.617060
0.963932
-0.233002
-0.062673
-0.212378
0.011848
-0.220716
-0.170236
-0.063400
0.193643
-0.002828
-0.069140
0.602159
0.092527
0.182771
-0.022843
0.130228
-0.211997
0.255676
-0.194833
-0.055314
-0.171472
-0.173881
0.822980
-0.015980
0.058958
0.192226
-0.144659
-0.214754
0.298735
0.041847
-0.731327
0.225758
0.285316
0.400893
-0.305349
0.118547
0.298556
-0.360094
-0.286444
0.179170
0.308205
0.102275
0.108908
0.021432
0.119928
-0.076455
-0.135590
0.267707
0.020165
-0.010369
-0.083234
0.187263
0.290602
-0.038533
-0.666773
0.032299
-0.006602
-0.879036
-0.336215
-0.066003
-0.106111
-0.065717
0.133868
0.001745
-0.062998
0.657143
-0.176414
-0.062591
-0.233056
0.010514
-0.086007
-0.814917
-0.201586
-0.156429
0.229112
-0.426578
0.095016
-0.930876
-0.156739
-0.183336
0.214522
0.245259
-0.177538
0.211324
0.724068
0.258007
-0.298413
0.188007
0.109649
0.699303
-0.052415
0.481266
-0.140146
-0.260928
0.192817
0.132885
0.129067
0.104846
-0.117484
-0.265921
0.145442
0.125063
0.071935
-0.211183
-0.182311
0.023329
-0.485982
0.231740
0.269271
-0.263458
-0.138796
-0.333798
-0.027539
0.144328
0.213975
-0.318385
0.087649
0.114337
-0.282656
0.013885
-0.753355
0.099848
0.207465
0.702585
0.175866
0.201373
0.143067
0.159170
-0.271173
-0.305733
-0.275877
-0.299174
0.283985
0.118276
-0.178234
-0.100235
-0.049901
0.150495
-0.149961
1.366878
0.007420
0.146341
0.052638
-0.323107
0.121270
0.077600
-0.160388
0.026625
-0.120404
-0.126709
-0.124932
0.203718
-0.191605
-0.223555
0.208126
-0.201202
-0.200284
0.052557
-0.230649
0.333974
0.206325
-0.210440
0.035987
0.291801
-0.265730
-0.420539
-0.106277
0.036559
0.137671
0.192539
-0.243549
-0.172572
0.200240
1.120346
-0.012145
-0.317847
-0.112447
0.910411
-0.384328
0.230770
-0.167168
0.092835
0.126848
-0.062406
-0.308543
-0.647676
0.203446
-0.035240
0.032223
0.291655
0.279233
0.056951
-0.209756
-0.018911
0.051033
-0.029014
-0.083505
-0.222201
-0.310240
-0.188776
-0.212750
-0.089872
-0.025566
-0.311317
-0.120009
0.277739
-0.581140
0.231585
-0.895005
-0.138109
-0.058825
-0.244182
-0.245828
-0.108260
0.144265
-0.102011
0.894418
0.059200
0.185801
0.300326
0.005858
0.132599
0.026572
0.255818
0.270701
-0.087647
-0.070140
0.269259
-0.005517
0.066620
-0.251958
0.131781
-0.175062
0.189069
0.139817
0.003557
0.151746
0.117098
-0.077449
0.235125
0.071788
-0.114016
0.282823
-0.241849
0.294720
0.130029
0.115746
-0.058401
-0.022042
0.098194
0.252816
-0.170479
-0.065752
-0.213312
-0.094183
0.220864
-0.002211
0.152156
-0.328533
-0.177584
0.035446
-0.085255
0.287168
0.179492
-0.246333
0.096286
0.011460
0.226790
0.045518
0.284763
0.136041
0.028679
-0.149464
0.243217
0.220583
-0.129850
0.045561
0.019851
0.261636
-0.292352
-0.291036
-0.005200
-0.128924
0.110947
0.220203
0.090919
0.008581
0.055477
0.062048
0.011687
-0.187088
-0.199448
0.243190
-0.271171
-0.210510
-0.165736
0.128470
0.137822
-0.257793
-0.141583
0.254364
-0.288933
-0.315511
-0.187101
0.130892
0.254531
0.130272
-0.150786
-0.043579
0.208935
0.026257
0.130333
0.027416
0.227736
-0.077871
-0.066768
0.126024
-0.245253
-0.296741
-0.111228
0.238068
-0.250755
0.134441
0.173981
0.248018
0.258352
-0.325703
0.194060
0.229400
-0.098868
-0.134355
0.147053
0.040268
-0.110691
-0.203139
0.004197
-0.046027
-0.273238
-0.318121
-0.236624
-0.242753
0.023516
0.194308
0.109717
0.127177
-0.166406
-0.250713
-0.110886
0.029188
0.410514
0.108532
-0.849523
-0.031943
0.059418
-0.048062
0.045607
0.115479
0.068365
-0.057026
-0.724873
-0.200754
0.273465
1.018627
0.161528
-0.026052
0.258085
-0.131910
0.276284
-0.312389
-0.146801
-0.289228
-0.208608
-0.293422
-0.244006
0.188227
0.103676
0.017863
-0.220403
-0.301954
-0.155188
-0.016451
0.262706
0.265510
-0.230951
0.005212
-0.117802
0.146011
-0.173967
-0.213980
-0.104690
-0.312581
-0.098103
-0.139060
0.033919
-0.105861
0.283909
-0.971227
0.211149
0.250450
0.127499
-0.102223
-0.206657
-0.266618
-0.050500
-0.135985
-0.227208
-0.262701
0.199436
-0.129435
-0.108890
-0.123449
-0.314721
-0.158483
-0.152928
-0.212484
0.233146
0.175357
-0.246171
-0.176773
0.311175
0.104670
-0.052837
0.044348
-0.215753
0.306094
0.274834
-0.228129
0.099434
0.184347
-0.256923
0.006714
-0.217669
-0.146187
0.126028
0.178014
0.193828
0.244794
0.233766
0.095977
-0.202797
-0.155624
-0.514082
-0.048172
0.135457
-0.048508
0.199790
0.150576
-0.153509
-0.304558
-0.225462
-0.042011
0.225933
0.039212
-0.312813
-0.289676
0.175619
-0.220912
-0.179038
-0.030008
-0.216910
0.027193
-0.284545
0.023072
-0.289131
0.181514
-0.109153
0.208597
0.103053
-0.060302
-0.057890
-0.266031
0.958124
0.237730
0.164370
0.066824
0.045655
0.077646
-0.085229
0.191180
0.181517
0.144930
-0.019728
0.223515
-0.113167
0.146451
0.269512
-0.269908
0.234004
-0.080694
0.040471
-0.274887
0.264836
1.038255
0.084115
0.311103
0.098985
-0.208610
0.223002
0.018246
0.063583
0.177305
0.103767
-0.588374
0.106941
0.068123
-0.251925
-0.144441
-0.183503
0.126677
-0.141031
-0.166862
-0.448389
1.163086
-0.129340
0.144911
0.023439
-0.139672
-0.292772
0.102572
0.116800
0.206673
0.274575
0.215645
-0.018324
0.175073
0.193162
0.025606
0.254407
0.231045
-0.273128
0.040944
0.238864
0.277610
-0.287984
-0.097708
0.062808
-0.073174
-0.301250
-0.305490
-0.264342
-0.109612
-0.008471
-0.805998
-0.087565
0.198203
-0.089799
0.259626
-0.122748
0.035938
0.178400
-0.209979
-0.072029
0.150967
-0.309518
-0.289418
0.009789
-0.287654
0.200340
0.007375
-0.206973
0.263071
-0.130898
-0.301555
-0.260262
-0.086384
0.077889
0.532019
0.286363
0.108835
0.901380
-0.275272
-0.163556
0.073028
0.198191
0.168613
0.102271
-0.101076
0.273618
0.298377
-0.251949
0.005975
-0.077857
0.126456
0.007137
-0.049551
-0.134322
0.066949
-0.215160
0.175190
0.122092
0.233672
0.254342
0.190642
-0.238146
0.315462
-0.075266
1.287583
0.244051
-1.076019
0.082456
-0.278138
0.819517
0.224540
0.366492
0.128971
-0.008147
0.044790
-0.167670
-0.075885
0.507040
-0.092737
0.265011
-0.226570
-0.276054
-0.074948
0.025875
-0.175559
-0.080464
-0.486784
-0.316863
-0.259638
0.208633
0.265019
0.244509
0.101217
0.255130
-0.011990
-0.054366
-0.304458
-0.283721
-0.153044
-0.275387
0.045102
-0.221685
0.292960
0.030278
0.218671
0.028667
0.241542
-0.015841
-0.154411
-0.041160
0.057099
-0.088098
0.107316
0.291020
-0.184594
0.258683
0.066070
0.103169
0.268907
0.810136
-0.193461
-0.291090
0.166257
-0.276626
-0.216110
-0.165329
0.125941
-0.204635
-0.001593
0.299089
-0.158327
-0.074042
-0.111193
-0.045924
-0.288405
-0.079344
0.307839
-0.227538
0.210435
0.561443
0.045282
-0.025517
0.285800
-0.144108
0.091372
-0.872035
-0.198410
-0.175256
-0.293489
-0.115952
-0.259547
-0.041730
-0.081716
-0.417428
0.008878
0.218697
-0.257668
-0.186869
-0.926624
0.191925
-0.071608
-0.067532
-0.173244
0.127757
0.199597
-1.261313
-0.261920
-0.277683
-0.058811
-0.227112
0.024321
-0.314012
0.191319
0.125661
-0.009471
-0.030765
-0.349453
0.235575
0.239159
-0.251017
-0.496317
0.305511
0.163893
0.170295
0.211682
-0.017037
-1.143139
-0.231891
-0.161475
0.099430
0.255211
-0.262776
-0.282730
-0.368241
-0.320731
-0.255301
0.552805
-0.214844
-0.229638
-0.259189
-0.046990
0.108915
-0.133425
-0.168598
0.218202
0.309560
0.122072
0.110163
0.233746
0.048781
0.308172
-0.131943
0.168419
0.165647
-0.137678
0.058970
-0.167434
-0.305394
0.147086
-0.114417
0.051418
0.243388
-0.040129
0.289432
-0.277474
-0.039850
-0.280202
0.276948
0.141309
-0.144558
0.052502
-0.213722
-0.264749
0.019936
-0.060470
0.119184
0.137820
-0.124837
-0.095996
0.059356
-0.261758
-0.208106
-0.258765
0.225348
-0.121626
0.053855
0.018251
0.162187
0.071134
-0.064995
0.261114
0.013178
0.005120
-0.270235
-0.037035
0.179266
0.171725
0.023026
0.140959
0.135343
0.141817
0.277167
0.231884
-0.307228
0.116228
-0.010909
0.119732
-0.057677
0.182768
-0.159668
0.723713
-0.262058
0.191056
-0.840119
0.285718
-0.234930
0.261452
0.081456
-0.258552
0.146739
-0.167177
-0.308134
-0.167281
0.158877
0.041834
0.130891
0.154376
0.044703
-0.040268
-0.021573
-0.138006
-0.211530
0.079769
-0.080919
-0.070870
-0.120112
0.240248
-0.244565
0.278760
0.240235
0.022441
-0.210128
0.303067
-0.085927
0.116114
0.277072
0.118685
0.204466
0.172419
0.189518
0.033156
-0.174107
-0.309967
0.319084
0.299912
0.051181
0.126673
0.262512
-0.096825
-0.090083
-0.084690
0.086216
0.144733
-0.180542
-0.259798
-0.406084
0.022949
0.237110
-0.180800
0.046914
0.296385
-0.114030
0.223894
0.278603
-0.106349
0.024799
-0.261457
-0.169997
-0.066963
-0.570822
-0.165416
-0.239667
0.005934
-0.155697
-0.245613
-0.011361
-0.287273
-0.295528
-0.065486
-0.064628
-0.064523
0.178627
-0.165421
-0.245002
-0.195978
-0.157862
-0.164724
0.274652
-0.101557
0.106622
0.079769
-0.119806
0.092781
-0.015317
-0.031269
-0.199965
-0.175354
0.159368
0.084051
0.200323
0.211048
0.236072
-0.226297
-0.233228
-0.099882
-0.145300
0.765146
0.075106
-0.002974
-0.318082
-0.305598
0.252442
0.307146
-0.025397
-0.172764
-0.200100
0.129244
0.118990
-0.216403
-0.158421
-0.087903
0.306709
0.168111
-0.175731
0.113912
-0.113288
0.070666
0.265572
-0.185808
-0.154975
0.278792
-0.296250
-0.098975
-0.262231
-0.075932
0.122266
-0.095200
0.307969
-0.129620
0.229791
-0.162595
0.012356
0.288812
-0.065544
0.303485
-0.195006
0.194071
0.246710
-0.258136
0.290542
-0.218660
-0.241542
-0.242699
-0.207669
0.239799
0.213192
0.044669
0.004028
0.186363
0.177905
0.290997
0.271706
-0.298500
-0.125139
-0.300365
-0.053826
-0.318454
0.053644
0.099617
-0.000501
0.159951
0.188035
-0.290663
0.206481
-0.195262
-0.186232
-0.176540
-0.314938
-0.241664
0.905735
-0.211272
-0.985330
0.310385
-0.105331
0.200905
0.234326
-0.105561
-0.066083
0.048727
-0.223011
-0.071430
0.158420
-0.132993
-0.054694
-0.273624
-0.117726
0.207016
-0.073697
-0.249641
-0.035247
0.304936
0.174401
0.247493
-0.167549
0.187716
0.230568
-0.029224
-0.294049
-0.267410
0.175007
-0.090629
-0.153347
-0.520838
-0.098173
0.185236
-0.147413
-0.048842
-0.205269
0.108787
-0.313177
0.030525
1.393866
0.410916
0.215903
0.149720
-0.286269
-0.079088
0.012759
-0.108736
0.126430
-0.216090
-0.115190
-0.028407
0.283072
0.145570
-0.011559
0.128720
-0.167627
0.019174
0.172358
-0.285766
0.422386
-0.167221
-0.030353
-0.564909
-0.289144
0.260284
0.091406
-0.047341
0.199882
0.281321
-0.206412
-1.045579
0.203554
-0.160068
0.324453
0.244442
0.078001
-0.001085
-0.359054
-0.115731
0.239342
0.152566
-0.309630
0.137917
0.004579
-0.008005
-0.053351
0.149232
-0.309106
-0.192336
0.283352
-0.259357
-0.042213
0.068520
0.016351
-0.487937
0.158488
-0.207233
-0.287239
0.042902
-0.164336
0.009763
0.096350
